run-id,timestamp,config-id,question-id,repeat,dataset,source,question-tags,status,clarification-rounds,terminal-clarification?,grounding-mode,answer-substring-hit?,answer-judge-verdict,answer-judge-score,answer-judge-rationale,answer-judge-model,task-difficulty,task-difficulty-rationale,recall-at-5,recall-at-10,recall-at-20,citation-recall,golden-in-search-pool?,golden-pool-rank,golden-in-display?,golden-display-rank,golden-read?,golden-features,pool-head,search-passes,issued-queries,insufficiency-fired?,refinement-corpus-grounded?,enrichment-hits,n-retrieved,n-cited,n-expected,retrieved-chunk-ids,cited-chunk-ids,expected-chunk-ids,elapsed-ms,prompt-tokens,completion-tokens,total-tokens,cached-tokens,llm-calls,steps-executed,response,error
4c506f7d-9ebc-4208-9fae-5ca578b92c6f,2026-06-02T20:37:26.989382Z,off,ue-broker-03-store-filer-virusskann,0,public-docs,new,"altinn-broker,hard",complete,0,false,chunks+answer,true,,,,,,,1.0,1.0,1.0,1.0,true,1,true,1,true,"df9c39f17a534 R22.1 P2.6 h2.0 or1.2 L693 0/? ty:content+phrase b[0.0,0.0,0.0,0.4,0.0,0.0] | Very large files",,2,altinn broker maximum file size 2gb file size limit | limited to 2gb file size | files larger than 2gb | maximum file size | maxsize maximum allowed size of the attachment | file upload accepted attachment types max number of attachments max file size in mb,false,true,0,4,2,1,462659d19025;050f67e402d9;34a261158a4d;a2ca157dce3d,462659d19025;050f67e402d9,462659d19025,17911,6193,331,6524,0,3,3,"Yes, but only under certain conditions: Broker is restricted to files up to 2 GB by default because of the virus scan restriction, and files larger than 2 GB can be sent if the resource has disabled virus scan and that resource has been pre-approved by Altinn. [1]

The maximum file size mentioned in the source is a **theoretical maximum of 1.6 TB**. [1] The same source also says they only regularly benchmark up to **100 GB**, so that is a practical benchmark, not the maximum. [1]

One more nuance: the `POST /broker/api/v1/filetransfer/upload` endpoint is explicitly limited to **2 GB** and is the less efficient form-data upload method. [2]",
6513c7be-3f86-4d3c-a612-7baa0cc23a1b,2026-06-02T20:37:40.304590Z,window-2000,ue-broker-03-store-filer-virusskann,0,public-docs,new,"altinn-broker,hard",complete,0,false,chunks+answer,true,,,,,,,1.0,1.0,1.0,1.0,true,1,true,1,true,"df9c39f17a534 R22.0 P2.6 h2.0 or1.1 L693 0/? ty:content+phrase b[0.0,0.0,0.0,0.4,0.0,0.0] | Very large files",,1,altinn broker maximum file size 2gb send files larger than 2gb supported | files larger than 2gb | transfer of files larger than 2 gb | files up to 2gb | limited to 2gb file size | enable files above 2gb,false,,0,5,2,1,462659d19025;050f67e402d9;5ebfb5d57656;0127378417da;14d38d41ea63,462659d19025;0127378417da,462659d19025,13084,4253,316,4569,0,3,3,"Yes, but only under certain conditions. Altinn Broker is restricted to files up to **2 GB by default** because of the virus scan limitation, so files larger than 2 GB can only be sent if the resource has **disabled virus scan** and that setup has been **pre-approved** [1].  

As for the maximum file size, the sources give two related but slightly different figures:  
- The **theoretical maximum size** is **1.6 TB** [1].  
- Another source says Altinn Broker supports file transfers up to **1600 GB without virus scanning** and up to **2 GB with virus scanning** [2].  

So, in short: **yes, larger than 2 GB is possible without virus scanning, and the maximum is described as 1.6 TB / 1600 GB** [1][2].",
570ed3cf-970c-41bd-b49c-aca3e192e7ee,2026-06-02T20:37:53.509Z,off,ue-broker-03-store-filer-virusskann,1,public-docs,new,"altinn-broker,hard",complete,0,false,chunks+answer,true,,,,,,,1.0,1.0,1.0,1.0,true,1,true,1,true,"df9c39f17a534 R22.2 P2.7 h2.0 or1.1 L693 0/? ty:content+phrase b[0.1,0.0,0.0,0.4,0.1,0.0] | Very large files",,1,altinn broker maximum file size 2gb send files larger than 2gb documentation | altinn broker maximum file size | maximum file size | maxsize maximum allowed size of the attachment | theoretical maximum size 1 6tb | send large files to one or more recipients,false,,0,4,2,1,462659d19025;5ebfb5d57656;0127378417da;14d38d41ea63,462659d19025;0127378417da,462659d19025,12818,4412,352,4764,0,3,3,"Yes, but only if the resource has **disabled virus scan**. By default, Broker is restricted to files up to **2 GB** because of the virus scan limitation [1].  

The sources give two related size figures:
- **Up to 2 GB with virus scanning** [2]
- **Up to 1600 GB / 1.6 TB without virus scanning** [2]

The documentation also says the **theoretical maximum size is 1.6 TB**, and that they can make changes to accommodate larger files if needed [1]. So the closest answer is: **yes, files larger than 2 GB can be sent if virus scan is disabled, and the stated maximum is 1.6 TB** [1][2].",
647ba036-09c7-4480-bdbe-cb01f0e2b739,2026-06-02T20:38:08.578340Z,window-2000,ue-broker-03-store-filer-virusskann,1,public-docs,new,"altinn-broker,hard",complete,0,false,chunks+answer,true,,,,,,,1.0,1.0,1.0,1.0,true,1,true,1,true,"df9c39f17a534 R23.2 P2.6 h2.0 or0.8 L693 0/? ty:content+phrase b[0.0,0.0,0.0,0.4,0.0,0.0] | Very large files",,2,altinn broker maximum file size 2gb file size limit send files larger than 2gb | files up to 2gb | maximum file size | limited to 2gb file size | files larger than 2gb | file size below the configured limit,false,true,0,3,3,1,462659d19025;050f67e402d9;7fcc0669c880,462659d19025;050f67e402d9;7fcc0669c880,462659d19025,14797,6195,381,6576,0,3,3,"Yes, but with conditions. Altinn Broker is **restricted to files up to 2 GB by default** because of the virus scan limitation, but you **can send files larger than 2 GB if the resource has disabled virus scan**; such resources must be **pre-approved** due to legal risk concerns. [1]

As for the maximum file size, the documentation gives **two different limits/scopes**: the **theoretical maximum size is 1.6 TB** [1], while the newer feature overview says support for files larger than 2 GB is **“up to 100 GB or more”** [3]. So the answer depends on which scope you mean: **theoretical maximum: 1.6 TB** [1], **regularly benchmarked: 100 GB** [1], and **support described in the feature overview: 100 GB or more** [3].

For the specific upload endpoint `POST /broker/api/v1/filetransfer/upload`, t…",
54050ea6-fe24-4293-97e7-b6c8b1417679,2026-06-02T20:38:21.220905Z,off,ue-broker-03-store-filer-virusskann,2,public-docs,new,"altinn-broker,hard",complete,0,false,chunks+answer,true,,,,,,,1.0,1.0,1.0,1.0,true,1,true,1,true,"df9c39f17a534 R23.3 P2.6 h2.0 or1.1 L693 0/? ty:content+phrase b[0.0,0.0,0.0,0.4,0.0,0.0] | Very large files",,1,altinn broker maximum file size 2gb send files larger than 2gb | limited to 2gb file size | files larger than 2gb | transfer of files larger than 2 gb | enable files above 2gb | maximum file size,false,,0,3,2,1,462659d19025;050f67e402d9;5ebfb5d57656,462659d19025;050f67e402d9,462659d19025,12343,4483,344,4827,0,3,3,"Yes, but only under certain conditions. Broker is **restricted to files up to 2GB by default** because of the virus scan limitation, so the standard **Initialize and upload FileTransfer** operation is limited to **2GB** [1][2].

You **can** send files larger than 2GB if the resource has **disabled virus scan**, but such resources must be **pre-approved** [1]. The documentation also says the **theoretical maximum size is 1.6TB**, while they only regularly benchmark it up to **100GB** [1].

So the answer depends on what you mean by “maximum file size”:
- **Default limit:** 2GB [1][2]
- **Theoretical maximum:** 1.6TB [1]
- **Regularly benchmarked:** 100GB [1]",
2430740a-dfb9-4cc2-8ed3-253ae834e000,2026-06-02T20:38:33.839292Z,window-2000,ue-broker-03-store-filer-virusskann,2,public-docs,new,"altinn-broker,hard",complete,0,false,chunks+answer,true,,,,,,,1.0,1.0,1.0,1.0,true,1,true,1,true,"df9c39f17a534 R22.6 P2.6 h2.0 or0.9 L693 0/? ty:content+phrase b[0.0,0.0,0.0,0.4,0.0,0.0] | Very large files",,1,altinn broker file size limit maximum file size larger than 2gb | altinn 3 broker file storage limited to 2gb file size | altinn 2 broker file storage limited to 2gb file size | files larger than 2gb altinn broker file storage | maximum file size altinn broker file storage | maximum allowed size files larger than 2gb,false,,0,3,2,1,462659d19025;753bfeab7314;7fcc0669c880,462659d19025;7fcc0669c880,462659d19025,12572,4402,389,4791,0,3,3,"Yes, but only under certain conditions. By default, Broker is restricted to files up to 2 GB because of the virus scan limitation [1]. You can send files larger than 2 GB if the resource has disabled virus scan, but resources that disable virus scan must be pre-approved [1].

As for the maximum file size, the source gives two related but different figures: the **theoretical maximum size** is **1.6 TB** [1], while the feature overview says support for files larger than 2 GB, **up to 100 GB or more** [2]. The 100 GB figure appears to be the regularly benchmarked range, not the absolute theoretical limit [1][2].",
10971356-534c-4b79-98f5-7a9920aaaa8d,2026-06-02T20:38:46.345987Z,off,ue-broker-03-store-filer-virusskann,3,public-docs,new,"altinn-broker,hard",complete,0,false,chunks+answer,true,,,,,,,1.0,1.0,1.0,1.0,true,1,true,1,true,"df9c39f17a534 R23.2 P2.6 h2.0 or0.8 L693 0/? ty:content+phrase b[0.0,0.0,0.0,0.4,0.0,0.0] | Very large files",,1,altinn broker maximum file size 2gb file size limit send files larger than 2gb | altinn broker limited to 2gb file size | files up to 2gb | maximum file size | send files using altinn broker,false,,0,4,2,1,462659d19025;0127378417da;14d38d41ea63;5ebfb5d57656,462659d19025;0127378417da,462659d19025,12388,4265,318,4583,0,3,3,"Yes, but only if the resource has **disabled virus scan**. Altinn Broker is **restricted to files up to 2 GB by default** because of the virus scan limitation, so files larger than 2 GB can be sent only in that case and with pre-approval for resources that disable virus scan. [1]

The **maximum file size** is described in two ways in the sources: one says the **theoretical maximum size is 1.6 TB** and that they regularly benchmark it only up to **100 GB** [1], while another says the system supports file transfers up to **1600 GB without virus scanning** and **up to 2 GB with virus scanning**. [2]

So, the closest answer is: **yes, larger than 2 GB is possible without virus scanning, and the stated maximum is 1.6 TB / 1600 GB**. [1][2]",
92354f6d-f962-4eb5-8bc1-ab9031e228bd,2026-06-02T20:38:58.123146Z,window-2000,ue-broker-03-store-filer-virusskann,3,public-docs,new,"altinn-broker,hard",complete,0,false,chunks+answer,true,,,,,,,1.0,1.0,1.0,1.0,true,1,true,1,true,"df9c39f17a534 R23.3 P2.6 h2.0 or0.9 L693 0/? ty:content+phrase b[0.0,0.0,0.0,0.4,0.0,0.0] | Very large files",,1,altinn broker maximum file size 2gb send files larger than 2gb | altinn broker limited to 2gb file size | files up to 2gb | maximum file size | send files using altinn broker,false,,0,2,1,1,462659d19025;753bfeab7314,462659d19025,462659d19025,11563,4248,255,4503,0,3,3,"Yes, but only under certain conditions. Broker is restricted to files up to 2 GB by default because of the virus scan limitation, but you can send files larger than 2 GB if the resource has disabled virus scan and that change has been pre-approved by Altinn [1].

The maximum size mentioned in the source is a **theoretical maximum of 1.6 TB** [1]. The same source also says they only regularly benchmark up to **100 GB** [1]. So the answer depends on what you mean by “maximum”:

- **Default limit:** 2 GB [1]
- **Possible with virus scan disabled and approval:** larger than 2 GB [1]
- **Theoretical maximum:** 1.6 TB [1]
- **Regularly benchmarked size:** 100 GB [1]",
81a66cca-b480-4ee8-8da0-4a87c124d4dc,2026-06-02T20:39:10.392503Z,off,ue-broker-03-store-filer-virusskann,4,public-docs,new,"altinn-broker,hard",complete,0,false,chunks+answer,true,,,,,,,1.0,1.0,1.0,1.0,true,1,true,1,true,"df9c39f17a534 R22.6 P2.6 h2.0 or1.0 L693 0/? ty:content+phrase b[0.0,0.0,0.0,0.4,0.0,0.0] | Very large files",,1,altinn broker maximum file size 2gb file size limit upload send files larger than 2gb | limited to 2gb file size | files larger than 2gb | files up to 2gb | maximum file size | enable files above 2gb,false,,0,2,2,1,462659d19025;050f67e402d9,462659d19025;050f67e402d9,462659d19025,12045,4238,262,4500,0,3,3,"Yes, but only under certain conditions. Broker is restricted to files up to 2 GB by default because of the virus scan restriction, but you can send files larger than 2 GB if the resource has disabled virus scan; such resources must be pre-approved. [1]

As for the maximum file size, the documentation gives two different scopes: the **theoretical maximum size** is **1.6 TB**, while the system is only **regularly benchmarked up to 100 GB**. [1] The upload endpoint `POST /broker/api/v1/filetransfer/upload` is explicitly limited to **2 GB** because it initializes and uploads in one form-data operation. [2]

So, in short:
- **Default limit / upload endpoint limit:** 2 GB [1][2]
- **Possible above 2 GB:** yes, if virus scan is disabled and pre-approved [1]
- **Theoretical maximum:** 1.6 TB [1]
-…",
ae7005b5-92a8-45fb-bc9b-4aadbeee112d,2026-06-02T20:39:20.866107Z,window-2000,ue-broker-03-store-filer-virusskann,4,public-docs,new,"altinn-broker,hard",complete,0,false,chunks+answer,true,,,,,,,0.0,0.0,0.0,0.0,true,79,false,,false,"df9c39f17a534 R— P1.1 h1.0 or0.1 L693 0/? ty:phrase b[0.0,0.0,0.0,0.1,0.0,0.0] | Very large files","d479e27df943e R20.5 P2.5 h2.0 or1.1 L2440 0/? ty:content+phrase b[0.0,0.0,0.0,0.4,0.0,0.0] | What do you get ;; db6c43b81c669 R19.7 P2.5 h2.0 or1.1 L2528 2/? ty:content+phrase b[0.0,0.0,0.0,0.4,0.0,0.0] | Technical overview ;; d7a17bf22a348 R19.1 P1.4 h1.0 or0.5 L1849 0/? ty:content b[0.0,0.0,0.0,0.4,0.0,0.0] | Rate limits ;; d0fd4df1a9003 R17.8 P3.7 h3.0 or1.0 L2833 1/? ty:content+metadata+phrase b[0.0,0.0,0.0,0.5,0.1,0.0] | News ;; d479e27df943e R16.8 P2.5 h2.0 or0.4 L1353 1/? ty:content+phrase b[0.0,0.0,0.0,0.4,0.0,0.0] | What do you get ;; d910e06f25460 R16.4 P1.4 h1.0 or0.3 L2227 7/? ty:content b[0.0,0.0,0.0,0.4,0.0,0.0] | Solution architecture ;; dae6e914f9ecd R16.2 P1.4 h1.0 or0.7 L2808 3/? ty:content b[0.0,0.0,0.0,0.4,0.0,0.0] | Capabilities ;; db55635ab8974 R16.0 P3.6 h3.0 or0.9 L1198 1/? ty:content+metadata+phrase b[0.0,0.0,0.0,0.5,0.1,0.0] | About",1,Altinn Broker file size limit 2GB maximum file size | Altinn Broker maximum file size | Altinn Broker 2GB file transfer,false,,0,3,1,1,a7b06845f4f1;0127378417da;753bfeab7314,0127378417da,462659d19025,10034,3341,277,3618,0,2,3,"Yes — Altinn Broker supports files larger than 2 GB, but the maximum depends on whether virus scanning is enabled. It supports file transfers up to **1600 GB without virus scanning** and up to **2 GB with virus scanning** [1].

So, if you mean the general maximum file size in Altinn Broker, it is **1600 GB** without virus scanning [1]. If virus scanning is required, the limit is **2 GB** [1].",
77f42822-2ae8-4a02-b612-2dbc29e7d7b0,2026-06-02T20:39:35.325257Z,off,ue-broker-04-overgang-a2-a3-forskjeller,0,public-docs,new,"altinn-broker,hard",complete,0,false,chunks+answer,true,,,,,,,1.0,1.0,1.0,1.0,true,1,true,1,true,"de960d2f402e0 R24.2 P2.6 h2.0 or1.7 L962 5/? ty:content+phrase b[0.0,0.0,0.0,0.4,0.0,0.0] | Getting started",,1,altinn 2 broker moved to altinn 3 consumer changes receipts virus scanning | altinn 2 broker service | altinn 2 to altinn 3 | broker transition solution from altinn 2 to altinn 3 | broker service transitioned to altinn 3 | decommission the altinn 2 broker service,false,,0,5,4,1,7c0cab211f48;01fdec6b497d;b65c1dda9cdb;86a2c4a99e3b;3caa21e5f977,7c0cab211f48;01fdec6b497d;b65c1dda9cdb;3caa21e5f977,7c0cab211f48,14146,4518,418,4936,0,3,3,"When an Altinn 2 Broker service is moved to Altinn 3, the consumer-facing changes are said to be small, but there are a few important differences [1][2].

- **Receipts change:** receipts will **no longer have a Receipt Id**, and in the transition solution Altinn 2 will generate a **pseudo receipt** from Altinn 3 metadata instead of storing a real receipt in Altinn 2 [1][2]. The source also says the Receipt endpoint in Altinn 2 is **not supported for accessing Broker receipts** anymore, and if that is required, a **feature request** should be submitted [1][2].
- **Manifest files:** if manifest functionality is enabled, the manifest files will **not have a File List** [1]. The technical overview also says the use of Manifest file is **deprecated in Altinn 3**, though it may be enabled in the…",
0ae86e33-f38f-4c5b-a1b2-6c92b7a91bc9,2026-06-02T20:39:48.962822Z,window-2000,ue-broker-04-overgang-a2-a3-forskjeller,0,public-docs,new,"altinn-broker,hard",complete,0,false,chunks+answer,true,,,,,,,0.0,1.0,1.0,1.0,true,1,true,1,true,"de960d2f402e0 R24.2 P2.6 h2.0 or1.7 L962 5/? ty:content+phrase b[0.0,0.0,0.0,0.4,0.0,0.0] | Getting started",,1,altinn 2 broker moved to altinn 3 consumer changes receipts virus scanning | altinn 2 broker service | altinn 2 to altinn 3 | broker transition solution from altinn 2 to altinn 3 | broker service transitioned to altinn 3 | decommission the altinn 2 broker service,false,,0,9,5,1,a1fcc9aae0fa;b54bfb7b2c2e;01fdec6b497d;c7a8b41099e9;892d34db3a67;b65c1dda9cdb;94f0fa820e54;7c0cab211f48;3caa21e5f977,01fdec6b497d;c7a8b41099e9;b65c1dda9cdb;7c0cab211f48;3caa21e5f977,7c0cab211f48,13399,4408,435,4843,0,3,3,"When an Altinn 2 Broker service is moved to Altinn 3, consumers should expect a few important changes, even though the overall experience is described as “very little technical difference” for end users [4].

- **Receipts change:** receipts will no longer have a real **Receipt Id**; instead, the transition solution returns a **pseudo-receipt** built from Altinn 3 Broker file metadata, and the receipt ID is typically **0** [1][2][4][5].  
- **External Receipt SOAP endpoint is not supported:** calls to get Receipt through the external Receipt SOAP endpoint are not supported for transitioned services [4].  
- **Receipt timing changes:** upload and processing in Altinn 3 are **asynchronous**, so the immediate receipt/status returned after upload may **not reflect the final state** of the file …",
a1c67133-0041-4fa0-8357-f61502a8f3c2,2026-06-02T20:40:02.965013Z,off,ue-broker-04-overgang-a2-a3-forskjeller,1,public-docs,new,"altinn-broker,hard",complete,0,false,chunks+answer,true,,,,,,,1.0,1.0,1.0,1.0,true,1,true,1,true,"de960d2f402e0 R23.8 P2.6 h2.0 or1.7 L962 5/? ty:content+phrase b[0.0,0.0,0.0,0.4,0.0,0.0] | Getting started",,1,what changes for consumers when an altinn 2 broker service is moved to altinn 3 for example around receipts and virus scanning | broker service transitioned to altinn 3 | altinn 2 broker transition | migration from altinn 2 to altinn 3,false,,0,8,4,1,94f0fa820e54;7c0cab211f48;b65c1dda9cdb;01fdec6b497d;c050af21d82e;be276e956836;86fef7ece316;902572f029c8,7c0cab211f48;b65c1dda9cdb;01fdec6b497d;be276e956836,7c0cab211f48,13762,4561,440,5001,0,3,3,"For consumers, the transition from an Altinn 2 Broker service to Altinn 3 is described as having **very little technical difference**, but there are some important changes to be aware of [1].

Key changes include:

- **Receipts:** receipts will **no longer have a Receipt Id**; instead, Altinn 3 Broker uses a **pseudo receipt** with **receiptId 0** in relevant Broker operations [1][3]. Also, the **external Receipt SOAP endpoint is not supported** for getting receipts [1].
- **Virus scanning:** in Altinn 2, files are virus-scanned during upload, but in Altinn 3 the virus scan happens **after upload**, so an uploaded file is **not immediately available** until the automatic scan is completed [1].
- **Manifest files:** if enabled, manifest files will **not have a File List** [1]. The use of Ma…",
ea264814-29ea-41fb-a2f6-74369078c0a5,2026-06-02T20:40:18.994039Z,window-2000,ue-broker-04-overgang-a2-a3-forskjeller,1,public-docs,new,"altinn-broker,hard",complete,0,false,chunks+answer,true,,,,,,,1.0,1.0,1.0,1.0,true,1,true,1,true,"de960d2f402e0 R24.2 P2.6 h2.0 or1.7 L962 5/? ty:content+phrase b[0.0,0.0,0.0,0.4,0.0,0.0] | Getting started",,2,altinn 2 broker moved to altinn 3 consumer changes receipts virus scanning | broker service transitioned to altinn 3 | altinn 2 broker service | virus scanning is performed | virus scanning of attachments | altinn 2 broker services,false,true,0,8,6,1,7c0cab211f48;01fdec6b497d;3caa21e5f977;b54bfb7b2c2e;892d34db3a67;c050af21d82e;be276e956836;5a6f79fe08ae,7c0cab211f48;01fdec6b497d;3caa21e5f977;b54bfb7b2c2e;892d34db3a67;be276e956836,7c0cab211f48,15846,6184,397,6581,0,3,3,"When an Altinn 2 Broker service is moved to Altinn 3 through the transition solution, the end-user experience is said to change only a little technically, but consumers should still review the documentation because implementation details may need changes. [1]

Key changes mentioned in the sources are:

- **Receipts:** receipts will no longer have a **Receipt Id**, and the transition service uses a **pseudo receipt** built from Altinn 3 Broker file metadata, with **ReceiptID 0**. [1][2][3][4]
- **Receipt endpoint:** the external **Receipt SOAP endpoint** is **not supported** for getting receipts, and the Altinn 2 Receipt endpoint can no longer be used to access Broker receipts because they do not exist there anymore. [1][2]
- **Manifest / FileList:** if enabled, **manifest files will not ha…",
4ae5b13e-9bb2-423b-b76e-533c552794a8,2026-06-02T20:40:34.901175Z,off,ue-broker-04-overgang-a2-a3-forskjeller,2,public-docs,new,"altinn-broker,hard",complete,0,false,chunks+answer,true,,,,,,,0.0,1.0,1.0,1.0,true,1,true,1,true,"de960d2f402e0 R23.8 P2.6 h2.0 or1.2 L962 5/? ty:content+phrase b[0.0,0.0,0.0,0.4,0.0,0.0] | Getting started",,2,what changes for consumers when an altinn 2 broker service is moved to altinn 3 for example around receipts and virus scanning | altinn 3 transitioned services will never create receipts | pseudo-receipt built from the altinn 3 broker file metadata | pseudo receipt built from altinn 3 broker file metadata | broker service transitioned to altinn 3 | broker transition solution from altinn 2 to altinn 3,false,true,0,9,6,1,c050af21d82e;b54bfb7b2c2e;01fdec6b497d;5e23b500193a;b65c1dda9cdb;94f0fa820e54;309ab77256e7;7c0cab211f48;3caa21e5f977,01fdec6b497d;5e23b500193a;b65c1dda9cdb;309ab77256e7;7c0cab211f48;3caa21e5f977,7c0cab211f48,15589,6319,464,6783,0,3,3,"For consumers, the transition from an Altinn 2 Broker service to Altinn 3 is meant to be technically small, but there are some important behavior changes. [5]

- **Receipts change:** receipts will no longer have a real **Receipt Id**; instead, the transition solution returns a **pseudo receipt** built from Altinn 3 Broker File metadata, with **receiptId 0**. [1][2][4][5][6]
- **Receipt endpoint limitations:** the old external Receipt SOAP endpoint is **not supported** for this use case, and Altinn 2’s Receipt endpoint can no longer be used to access Broker receipts because they do not exist there anymore. [1][5]
- **Virus scanning changes:** in Altinn 2, virus scanning happens as part of the upload process, but in Altinn 3 it happens **after upload**, so an uploaded file is **not immediate…",
ad8913d5-a270-4d6c-8307-038e80873a0b,2026-06-02T20:40:50.149355Z,window-2000,ue-broker-04-overgang-a2-a3-forskjeller,2,public-docs,new,"altinn-broker,hard",complete,0,false,chunks+answer,true,,,,,,,0.0,1.0,1.0,1.0,true,1,true,1,true,"de960d2f402e0 R23.8 P2.6 h2.0 or1.7 L962 5/? ty:content+phrase b[0.0,0.0,0.0,0.4,0.0,0.0] | Getting started",,2,what changes for consumers when an altinn 2 broker service is moved to altinn 3 for example around receipts and virus scanning | broker service transitioned to altinn 3 | broker transition solution from altinn 2 to altinn 3 | transfers broker requests from altinn 2 to altinn 3 | pseudo receipt built from altinn 3 broker file metadata | virus scanning is performed,false,true,0,10,4,1,c050af21d82e;a1fcc9aae0fa;b54bfb7b2c2e;01fdec6b497d;892d34db3a67;63e3857a5897;86fef7ece316;b65c1dda9cdb;309ab77256e7;7c0cab211f48,b54bfb7b2c2e;892d34db3a67;b65c1dda9cdb;7c0cab211f48,7c0cab211f48,14933,6534,480,7014,0,3,3,"For consumers, the transition from an Altinn 2 Broker service to Altinn 3 is described as having **very little technical difference**, but there are a few important changes to be aware of [4].

- **Receipts:** receipts will no longer have a **Receipt Id**; for transitioned services, Altinn 2 returns a **pseudo receipt** built from Altinn 3 Broker file metadata, and the external Receipt SOAP endpoint is **not supported** for this purpose [4][1][2].  
- **Virus scanning:** in Altinn 2, virus scanning happens as part of the upload process, but in Altinn 3 it happens **after upload**, so an uploaded file is **not immediately available** until the automatic virus scan has completed [4].  
- **Manifest files:** if enabled in the transition solution, manifest files will not have a **File List** […",
4d70a0c4-932b-4d28-a44f-eba9797a36f9,2026-06-02T20:41:06.048439Z,off,ue-broker-04-overgang-a2-a3-forskjeller,3,public-docs,new,"altinn-broker,hard",complete,0,false,chunks+answer,true,,,,,,,0.0,1.0,1.0,1.0,true,1,true,1,true,"de960d2f402e0 R23.8 P2.6 h2.0 or1.7 L962 5/? ty:content+phrase b[0.0,0.0,0.0,0.4,0.0,0.0] | Getting started",,2,what changes for consumers when an altinn 2 broker service is moved to altinn 3 for example around receipts and virus scanning | broker service transitioned to altinn 3 | migration from altinn 2 to altinn 3 | altinn 2 broker service | altinn 3 broker capabilities and features | broker transition solution from altinn 2 to altinn 3,false,true,0,10,7,1,be276e956836;c050af21d82e;5a6f79fe08ae;b54bfb7b2c2e;01fdec6b497d;f9315c3285a7;b65c1dda9cdb;ce1e8f486e38;7c0cab211f48;611bf4648c1a,be276e956836;5a6f79fe08ae;b54bfb7b2c2e;01fdec6b497d;b65c1dda9cdb;ce1e8f486e38;7c0cab211f48,7c0cab211f48,15813,6153,474,6627,0,3,3,"When an Altinn 2 Broker service is transitioned to Altinn 3, consumers will see only minor technical differences overall, but there are a few important changes: receipts are no longer real Altinn 2 receipts, and virus scanning happens differently. [2][7]

- **Receipts:** For transitioned services, receipts are **pseudo-receipts** built from Altinn 3 Broker file metadata, and the **receiptId will be 0**. The Altinn 2 Receipt endpoint is therefore no longer usable for Broker receipts in the same way as before. [3][4][6][7]
- **Virus scanning:** In Altinn 2, files are virus-scanned as part of the upload process, but in Altinn 3 the virus scan happens **after upload**. That means an uploaded file in Altinn 3 is **not immediately available**; it becomes available only after the automatic virus …",
9c8180d2-16b1-428c-8b59-19c0e509510c,2026-06-02T20:41:20.847508Z,window-2000,ue-broker-04-overgang-a2-a3-forskjeller,3,public-docs,new,"altinn-broker,hard",complete,0,false,chunks+answer,true,,,,,,,1.0,1.0,1.0,1.0,true,1,true,1,true,"de960d2f402e0 R24.5 P2.6 h2.0 or1.7 L962 5/? ty:content+phrase b[0.0,0.0,0.0,0.4,0.0,0.0] | Getting started",,1,what changes for consumers when an altinn 2 broker service is moved to altinn 3 especially receipts and virus scanning | broker service transitioned to altinn 3 | altinn 3 broker transition solution | altinn 2 broker service,false,,0,8,3,1,7c0cab211f48;b65c1dda9cdb;5a6f79fe08ae;94f0fa820e54;7fcc0669c880;a6b5678aa6e5;c050af21d82e;bc169ad3ed4b,7c0cab211f48;b65c1dda9cdb;5a6f79fe08ae,7c0cab211f48,14492,4512,457,4969,0,3,3,"For consumers, the technical difference is said to be very small, but there are a few important changes to be aware of when a Broker service is transitioned from Altinn 2 to Altinn 3. [1][3]

- **Receipts:** receipts will **no longer have a Receipt Id**. Also, **calls to get Receipt through the external Receipt SOAP endpoint are not supported**. [1]
- **Manifest files:** if manifest files are enabled, they will **not have a File List**. [1]
- **Virus scanning:** in Altinn 2, a file is virus-scanned **as part of the upload process**, but in Altinn 3 the virus scan happens **after upload**. That means an uploaded file in Altinn 3 is **not immediately available**; it becomes available only after the automatic virus scan is completed. [1]
- **Data/storage location:** when the transition featur…",
bff44eee-86a7-4c03-bb01-49ddec9668e4,2026-06-02T20:41:35.880067Z,off,ue-broker-04-overgang-a2-a3-forskjeller,4,public-docs,new,"altinn-broker,hard",complete,0,false,chunks+answer,true,,,,,,,0.0,1.0,1.0,1.0,true,1,true,1,true,"de960d2f402e0 R23.8 P2.6 h2.0 or1.2 L962 5/? ty:content+phrase b[0.0,0.0,0.0,0.4,0.0,0.0] | Getting started",,2,what changes for consumers when an altinn 2 broker service is moved to altinn 3 for example around receipts and virus scanning | altinn 3 transitioned services will never create receipts | pseudo receipt built from altinn 3 broker file metadata | pseudo-receipt built from the altinn 3 broker file metadata | broker service transitioned to altinn 3 | broker transition solution from altinn 2 to altinn 3,false,true,0,10,5,1,c050af21d82e;9fb411afc088;b54bfb7b2c2e;01fdec6b497d;b65c1dda9cdb;94f0fa820e54;309ab77256e7;7c0cab211f48;9221b1f02039;3caa21e5f977,b54bfb7b2c2e;01fdec6b497d;309ab77256e7;7c0cab211f48;3caa21e5f977,7c0cab211f48,14923,6245,463,6708,0,3,3,"When an Altinn 2 Broker service is transitioned to Altinn 3, consumers will see only a small technical difference, but there are some important changes: receipts are no longer real Altinn 2 receipts with a Receipt Id; instead, a pseudo receipt is generated from Altinn 3 Broker file metadata, and the Receipt endpoint in Altinn 2 can no longer be used to access Broker receipts because they do not exist there anymore. [1][2][3][4][5]

For virus scanning, the behavior changes from Altinn 2 to Altinn 3: in Altinn 2, the file is virus-scanned as part of the upload process, while in Altinn 3 the virus scan happens after upload. That means an uploaded file in Altinn 3 is not immediately available; it becomes available only after the automatic virus scan has completed. [4]

Other consumer-facing ch…",
d732bcf7-f033-4e9c-92fe-affbf44b4c56,2026-06-02T20:41:50.843746Z,window-2000,ue-broker-04-overgang-a2-a3-forskjeller,4,public-docs,new,"altinn-broker,hard",complete,0,false,chunks+answer,true,,,,,,,1.0,1.0,1.0,1.0,true,1,true,1,true,"de960d2f402e0 R22.9 P2.6 h2.0 or1.2 L962 5/? ty:content+phrase b[0.0,0.0,0.0,0.4,0.0,0.0] | Getting started",,2,altinn 2 broker moved to altinn 3 consumer changes receipts virus scanning migration | altinn 3 broker | altinn 2 to altinn 3 | broker transition solution from altinn 2 to altinn 3 | broker service transitioned to altinn 3 | transfers broker requests from altinn 2 to altinn 3,false,true,0,8,4,1,7c0cab211f48;a6b5678aa6e5;94f0fa820e54;01fdec6b497d;b65c1dda9cdb;c050af21d82e;be276e956836;63e3857a5897,7c0cab211f48;01fdec6b497d;b65c1dda9cdb;be276e956836,7c0cab211f48,14631,6119,418,6537,0,3,3,"For consumers, there is **very little technical difference** between using an Altinn 2 Broker service and a Broker service that has been transitioned to Altinn 3, but consumers are still advised to have their technical team review the transition documentation for possible implementation changes [1].

The main consumer-facing changes mentioned are:

- **Receipts:** receipts will **no longer have a Receipt Id** [1]. In the transition solution, Altinn 2 will generate a **pseudo receipt with receiptId 0** from Altinn 3 metadata, and the Altinn 2 Receipt endpoint can no longer be used to access Broker receipts because they do not exist there [2].  
- **Manifest files:** if manifest support is enabled, the manifest files will **not have a File List** [1].  
- **Virus scanning:** in Altinn 2, fil…",
326c68b6-ac8f-4309-9742-d722470a7c4c,2026-06-02T20:42:03.295822Z,off,ue-events-03-polling-vs-webhook,0,public-docs,new,"altinn-events,hard",complete,0,false,chunks+answer,true,,,,,,,0.0,0.0,0.0,0.0,true,10,true,10,false,"dae894f1e7b46 R20.5 P2.6 h2.0 or0.9 L679 0/? ty:content+phrase b[0.0,0.0,0.0,0.4,0.0,0.0] | Query events","def28a8b441dc R24.8 P2.7 h2.0 or1.7 L665 0/? ty:content+phrase b[0.0,0.0,0.0,0.4,0.0,0.0] | Query events ;; df3874b9374bc R23.3 P1.5 h1.0 or0.9 L703 0/? ty:content b[0.0,0.0,0.0,0.4,0.0,0.0] | Query app events org ;; d37e9eba5fd6b R23.2 P2.5 h2.0 or0.1 L671 0/? ty:content+phrase b[0.0,0.0,0.0,0.4,0.0,0.0] | Subscribe to events ;; d1c1c23ebf524 R22.8 P2.6 h2.0 or1.1 L708 0/? ty:content+phrase b[0.0,0.0,0.0,0.4,0.0,0.0] | Query app events enduser ;; d89a4d6316770 R22.5 P3.7 h3.0 or1.4 L420 1/? ty:content+metadata+phrase b[0.0,0.0,0.0,0.5,0.1,0.0] | Detecting changes ;; d88a046dc8cb8 R21.7 P2.6 h2.0 or0.3 L480 4/? ty:content+phrase b[0.0,0.0,0.0,0.4,0.1,0.0] | Events ;; da4e9329ea263 R21.1 P2.6 h2.0 or0.9 L716 0/? ty:content+phrase b[0.0,0.0,0.0,0.4,0.0,0.0] | Query app events org ;; d5bb5bcda6612 R20.7 P2.6 h2.0 or1.2 L1240 2/? ty:content+phrase b[0.0,0.0,0.0,0.4,0.0,0.0] | Events",1,altinn events polling api instead of webhooks documentation events retrieve events poll api webhooks | altinn events api | retrieve events using the events api | polling the event api | altinn events webhooks | altinn events subscription,false,,0,6,3,1,0982030b4be9;ddd9d7bf9e6d;fb897d22bdf4;d0c2c9a9b70e;c4464cc8c17e;4aa2b0740446,0982030b4be9;ddd9d7bf9e6d;fb897d22bdf4,bd4ef5587250,12205,4371,407,4778,0,3,3,"Ja, men bare som et HTTP API for **planlagte forespørsler** til samme eventdata — ikke som den anbefalte hovedløsningen. Altinn Events er laget for å **unngå polling** og bruke **webhooks/event-driven integrasjon** i stedet [1][3].  

Dokumentasjonen sier likevel at Events API også tilbyr `GET /events` for å hente events med et `after`-parameter, altså å spørre etter hendelser etter et gitt event ID [2]. Dette er ment for gradvis migrering, ikke som primær måte å konsumere events på [1].  

Så kort sagt: **Ja, du kan hente hendelser via API-et, men det er polling-lignende bruk og ikke den anbefalte modellen** [1][2][3].",
bf029e06-b96e-43c1-82cb-32bf7aa2ece9,2026-06-02T20:42:16.283292Z,window-2000,ue-events-03-polling-vs-webhook,0,public-docs,new,"altinn-events,hard",complete,0,false,chunks+answer,true,,,,,,,0.0,0.0,0.0,0.0,true,17,true,17,false,"dae894f1e7b46 R18.2 P2.6 h2.0 or1.1 L679 0/? ty:content+phrase b[0.0,0.0,0.0,0.4,0.0,0.0] | Query events","def28a8b441dc R22.5 P2.6 h2.0 or1.2 L665 0/? ty:content+phrase b[0.0,0.0,0.0,0.4,0.0,0.0] | Query events ;; d89a4d6316770 R22.0 P2.5 h2.0 or0.5 L420 1/? ty:content+metadata b[0.0,0.0,0.0,0.4,0.1,0.0] | Detecting changes ;; d37e9eba5fd6b R22.0 P2.5 h2.0 or0.3 L671 0/? ty:content+phrase b[0.0,0.0,0.0,0.4,0.0,0.0] | Subscribe to events ;; d88a046dc8cb8 R21.9 P2.6 h2.0 or0.6 L1286 1/? ty:content+phrase b[0.0,0.0,0.0,0.4,0.0,0.0] | Events ;; df3874b9374bc R21.4 P1.5 h1.0 or0.7 L703 0/? ty:content b[0.0,0.0,0.0,0.4,0.0,0.0] | Query app events org ;; d1c1c23ebf524 R21.0 P2.6 h2.0 or1.2 L708 0/? ty:content+phrase b[0.0,0.0,0.0,0.4,0.0,0.0] | Query app events enduser ;; d88a046dc8cb8 R20.3 P2.6 h2.0 or0.5 L480 4/? ty:content+phrase b[0.0,0.0,0.0,0.4,0.1,0.0] | Events ;; d23a9d95b4a7b R20.1 P2.7 h2.0 or0.8 L6302 1/? ty:content+phrase b[0.1,0.0,0.0,0.4,0.1,0.0] | Setup subscription",1,altinn events polling api instead of webhooks fetch events documentation | altinn events api | altinn events | altinn events webhooks | api for setup of event subscriptions via altinn events | altinn events subscription,false,,0,5,4,1,0982030b4be9;fb897d22bdf4;2db072be14eb;d0c2c9a9b70e;4aa2b0740446,0982030b4be9;fb897d22bdf4;2db072be14eb;d0c2c9a9b70e,bd4ef5587250,12799,4416,392,4808,0,3,3,"Ja, men det er **ikke den anbefalte måten**. Altinn Events er laget for event-drevet integrasjon for å **unngå polling**, og dokumentasjonen sier eksplisitt at webhooks/subscriptions er den anbefalte tilnærmingen for å motta events. [1][2][3]

Samtidig finnes det et HTTP-basert API for å **hente/query events** som en del av en gradvis overgang eller for planlagte forespørsler, altså polling-lignende bruk. [1][4]

Kort sagt:
- **Anbefalt:** subscribe til events via webhook. [2][3]
- **Mulig:** query events via Events API. [1][4]
- **Men:** dette er ment som et alternativ for migrering/scheduled requests, ikke som hovedmønsteret. [1]

",
d97d9f20-827d-4417-a823-0f6957ee3ce9,2026-06-02T20:42:31.394353Z,off,ue-events-03-polling-vs-webhook,1,public-docs,new,"altinn-events,hard",complete,0,false,chunks+answer,true,,,,,,,1.0,1.0,1.0,1.0,true,1,true,1,true,"dae894f1e7b46 R26.3 P2.7 h2.0 or1.7 L679 0/? ty:content+phrase b[0.0,0.0,0.0,0.4,0.0,0.0] | Query events",,2,kan jeg hente hendelser fra altinn events ved å polle et api i stedet for å bruke webhooks | altinn events api | receive events from altinn events | utviklerveiledning for hvordan hente hendelser ved bruk av events api | hente hendelser | altinn events webhooks,false,true,0,9,5,1,d962db307d6f;bd4ef5587250;43f61fd7e6cd;7bd982e21bf2;e58150ad083a;fb897d22bdf4;e0a1f799e73a;6cf768b5a4ac;a481f0d1a27b,d962db307d6f;bd4ef5587250;fb897d22bdf4;6cf768b5a4ac;a481f0d1a27b,bd4ef5587250,14889,6621,524,7145,0,3,3,"Ja, men **ikke som anbefalt hovedmønster**. Altinn Events er laget for å støtte **hendelsesorienterte integrasjonsmønstre** og for å **unngå polling**; dokumentasjonen sier eksplisitt at webhooks er den anbefalte måten å motta hendelser på [1][2][3]. Samtidig tilbyr Events API også et **HTTP API for planlagte forespørsler** av de samme hendelsesdataene, altså at du kan hente/søke etter hendelser via API-et i stedet for å bruke webhooks [1][2][4].

For å hente eller søke etter hendelser kreves scopet **`altinn:events.subscribe`** [5].  

Kort sagt: **Ja, du kan polle/søke etter hendelser via API-et, men webhooks er anbefalt, og polling er ment som et alternativ for gradvis migrering eller planlagte forespørsler** [1][2][4].",
be798e6f-d2fb-44e1-8e11-3b1043c200b8,2026-06-02T20:42:47.069709Z,window-2000,ue-events-03-polling-vs-webhook,1,public-docs,new,"altinn-events,hard",complete,0,false,chunks+answer,true,,,,,,,0.0,0.0,0.0,0.0,true,14,true,14,false,"dae894f1e7b46 R18.5 P2.6 h2.0 or0.6 L679 0/? ty:content+phrase b[0.0,0.0,0.0,0.4,0.0,0.0] | Query events","def28a8b441dc R22.7 P2.6 h2.0 or1.1 L665 0/? ty:content+phrase b[0.0,0.0,0.0,0.4,0.0,0.0] | Query events ;; d89a4d6316770 R22.5 P3.7 h3.0 or0.9 L420 1/? ty:content+metadata+phrase b[0.0,0.0,0.0,0.5,0.1,0.0] | Detecting changes ;; d37e9eba5fd6b R22.4 P1.2 h1.0 or0.1 L671 0/? ty:phrase b[0.0,0.0,0.0,0.1,0.0,0.0] | Subscribe to events ;; df3874b9374bc R22.0 P1.5 h1.0 or1.0 L703 0/? ty:content b[0.0,0.0,0.0,0.4,0.0,0.0] | Query app events org ;; d1c1c23ebf524 R21.5 P2.6 h2.0 or1.1 L708 0/? ty:content+phrase b[0.0,0.0,0.0,0.4,0.0,0.0] | Query app events enduser ;; d07c5300e222a R20.9 P1.2 h1.0 or0.2 L400 1/? ty:metadata b[0.0,0.0,0.0,0.1,0.1,0.0] | Detecting changes ;; d88a046dc8cb8 R20.6 P1.2 h1.0 or0.3 L480 4/? ty:phrase b[0.0,0.0,0.0,0.1,0.0,0.0] | Events ;; dfc4f74301e59 R20.4 P2.6 h2.0 or1.3 L1902 0/? ty:content+phrase b[0.0,0.0,0.0,0.4,0.0,0.0] | Basic concepts",2,altinn events polling api instead of webhooks documentation | altinn events api polling | polling the event api | event access via polling | altinn events webhooks | altinn events sends a custom event to the provided webhook url,false,true,0,8,2,1,fb897d22bdf4;0982030b4be9;d0c2c9a9b70e;c1ef5ee35ec8;88aba1ea5b4d;0d2328d84282;8ff41e2e5849;fd2b51bae6e8,fb897d22bdf4;0982030b4be9,bd4ef5587250,15187,5918,401,6319,0,3,3,"Ja, men det er **ikke den anbefalte måten**. Altinn Events er laget for hendelsesdrevet integrasjon og anbefaler at du bruker **webhooks** for å motta hendelser asynkront [1][2]. Samtidig finnes det et **HTTP API for scheduled requests** av de samme eventdataene, altså en form for polling, for å støtte gradvise arkitekturmigrasjoner [2].  

Så svaret er: **ja, du kan polle Events API-et**, men dokumentasjonen sier tydelig at dette er en alternativ løsning, mens **webhooks er anbefalt** [1][2].",
65b7ed43-852e-483d-9634-a82a4c9547e7,2026-06-02T20:42:59.497075Z,off,ue-events-03-polling-vs-webhook,2,public-docs,new,"altinn-events,hard",complete,0,false,chunks+answer,true,,,,,,,0.0,0.0,0.0,0.0,true,14,true,14,false,"dae894f1e7b46 R18.2 P2.6 h2.0 or1.1 L679 0/? ty:content+phrase b[0.0,0.0,0.0,0.4,0.0,0.0] | Query events","def28a8b441dc R22.5 P2.6 h2.0 or1.2 L665 0/? ty:content+phrase b[0.0,0.0,0.0,0.4,0.0,0.0] | Query events ;; d89a4d6316770 R22.0 P3.7 h3.0 or1.5 L420 1/? ty:content+metadata+phrase b[0.0,0.0,0.0,0.5,0.1,0.0] | Detecting changes ;; df3874b9374bc R21.4 P1.5 h1.0 or1.0 L703 0/? ty:content b[0.0,0.0,0.0,0.4,0.0,0.0] | Query app events org ;; d1c1c23ebf524 R21.0 P2.6 h2.0 or1.3 L708 0/? ty:content+phrase b[0.0,0.0,0.0,0.4,0.0,0.0] | Query app events enduser ;; d88a046dc8cb8 R19.3 P2.5 h2.0 or0.3 L1286 1/? ty:content+phrase b[0.0,0.0,0.0,0.4,0.0,0.0] | Events ;; d23a9d95b4a7b R19.1 P2.4 h2.0 or0.1 L6302 1/? ty:content+phrase b[0.0,0.0,0.0,0.4,0.0,0.0] | Setup subscription ;; de08de51d14d0 R18.9 P2.6 h2.0 or0.0 L690 0/? ty:content+phrase b[0.1,0.0,0.0,0.4,0.1,0.0] | Api access ;; d5bb5bcda6612 R18.9 P2.6 h2.0 or1.1 L1240 2/? ty:content+phrase b[0.0,0.0,0.0,0.4,0.0,0.0] | Events",1,altinn events polling api instead of webhooks fetch events documentation | altinn events polling | altinn events api polling | event access via polling | polling the event api | polling the apis,false,,0,7,3,1,0982030b4be9;4aa2b0740446;2db072be14eb;88aba1ea5b4d;d0c2c9a9b70e;fd2b51bae6e8;380a9be077bd,0982030b4be9;88aba1ea5b4d;fd2b51bae6e8,bd4ef5587250,11876,4422,403,4825,0,3,3,"Ja, **men bare som et alternativ for migrasjon eller når du må**. Altinn Events er laget for å **unngå polling** og heller bruke webhooks/event-drevet integrasjon [1]. Samtidig sier dokumentasjonen at Events API også tilbyr et **HTTP API for scheduled requests** av samme eventdata, altså at du kan hente/lete etter hendelser via API-et i stedet for webhooks [1].

Det anbefalte oppsettet er likevel **webhooks** (“subscribe to events”), mens polling beskrives som en støtte for gradvis overgang [1][3]. For å hente eller søke etter hendelser må klienten ha scope **`altinn:events.subscribe`** [2].",
17b7b11c-4209-4e45-a64d-b6f9bf7d925a,2026-06-02T20:43:13.097864Z,window-2000,ue-events-03-polling-vs-webhook,2,public-docs,new,"altinn-events,hard",complete,0,false,chunks+answer,true,,,,,,,1.0,1.0,1.0,1.0,true,3,true,3,true,"dae894f1e7b46 R21.7 P2.6 h2.0 or0.8 L679 0/? ty:content+phrase b[0.0,0.0,0.0,0.4,0.0,0.0] | Query events","d10e66370a75f R22.6 P3.7 h3.0 or0.8 L1290 2/? ty:content+metadata+phrase b[0.0,0.0,0.0,0.5,0.2,0.0] | Events ;; d07c5300e222a R22.3 P2.4 h2.0 or0.2 L1233 0/? ty:content+phrase b[0.0,0.0,0.0,0.4,0.0,0.0] | Detecting changes",1,kan jeg hente hendelser fra altinn events ved å polle et api i stedet for å bruke webhooks | altinn events api | altinn events webhooks | polling the event api | polling | hente hendelser,false,,0,9,3,1,56708d5088b7;bd4ef5587250;43f61fd7e6cd;e1bc9a4c65a7;e58150ad083a;c07bb4053f5d;3a8375030f32;0982030b4be9;a481f0d1a27b,bd4ef5587250;e1bc9a4c65a7;0982030b4be9,bd4ef5587250,13449,4490,424,4914,0,3,3,"Ja, men med en viktig nyanse: Altinn Events er laget for å **unngå polling** og oppfordrer sterkt til bruk av **abonnementer/webhooks** for hendelser [1][2][3]. Samtidig tilbyr Events API også et **HTTP API for planlagte forespørsler** av de samme hendelsesdataene, nettopp for gradvis migrering eller hvis du midlertidig trenger å hente hendelser ved å polle [1][3].

Så svaret er:
- **Ja**, du kan hente hendelser via et API som poller [1][3].
- **Men** dette er ikke den anbefalte hovedmåten; anbefalt mønster er **abonnementer med webhooks/push** [1][2].

Hvis du vil, kan jeg også forklare når du bør velge **webhooks** vs. **polling** i Altinn Events.",
5db44e2c-9695-4572-b608-9ece01b19c06,2026-06-02T20:43:25.541610Z,off,ue-events-03-polling-vs-webhook,3,public-docs,new,"altinn-events,hard",complete,0,false,chunks+answer,true,,,,,,,0.0,0.0,0.0,0.0,true,17,true,17,false,"dae894f1e7b46 R22.5 P2.5 h2.0 or0.1 L679 0/? ty:content+phrase b[0.0,0.0,0.0,0.4,0.0,0.0] | Query events","db0192381a6b8 R28.5 P2.6 h2.0 or0.7 L405 0/? ty:content+phrase b[0.0,0.0,0.0,0.4,0.0,0.0] | Api ;; d88a046dc8cb8 R26.9 P2.5 h2.0 or0.3 L1286 1/? ty:content+phrase b[0.0,0.0,0.0,0.4,0.0,0.0] | Events ;; d43982f65bd7a R26.7 P2.6 h2.0 or0.6 L404 0/? ty:content+phrase b[0.0,0.0,0.0,0.4,0.0,0.0] | Api ;; d89a4d6316770 R26.6 P3.7 h3.0 or1.4 L420 1/? ty:content+metadata+phrase b[0.0,0.0,0.0,0.5,0.1,0.0] | Detecting changes ;; def28a8b441dc R26.2 P2.6 h2.0 or0.7 L665 0/? ty:content+phrase b[0.0,0.0,0.0,0.4,0.0,0.0] | Query events ;; d88a046dc8cb8 R26.1 P2.3 h2.0 or0.7 L919 6/? ty:metadata+phrase b[0.0,0.0,0.0,0.1,0.1,0.0] | Events ;; d1c1c23ebf524 R25.8 P2.6 h2.0 or0.7 L708 0/? ty:content+phrase b[0.0,0.0,0.0,0.4,0.0,0.0] | Query app events enduser ;; df3874b9374bc R25.8 P2.6 h2.0 or0.6 L703 0/? ty:content+phrase b[0.0,0.0,0.0,0.4,0.0,0.0] | Query app events org",1,altinn events api | altinn events webhooks | polling the event api | receive events from altinn events,false,,0,6,2,1,008e8e3de50f;fb897d22bdf4;0982030b4be9;2db072be14eb;88aba1ea5b4d;c4464cc8c17e,fb897d22bdf4;0982030b4be9,bd4ef5587250,11947,4277,365,4642,0,3,3,"Ja, men det er **ikke anbefalt** som hovedmønster. Altinn Events er laget for **event-driven integrasjon** med **webhooks**, og dokumentasjonen sier uttrykkelig at løsningen er designet for å **unngå polling**. [2]

Samtidig finnes det et **HTTP API for scheduled requests** av de samme eventdataene, nettopp for å støtte gradvis overgang eller migrering. [2]

Kort sagt:
- **Anbefalt:** webhooks / event subscriptions. [1][2]
- **Mulig:** hente hendelser via API/polling-lignende forespørsler, men dette er en sekundær løsning og ikke det foretrukne mønsteret. [2]

Hvis du vil, kan jeg også forklare forskjellen mellom **subscribe to events** og **query events** i Altinn Events.",
81c662c2-c61a-43e1-9a81-bbc769d7dfe0,2026-06-02T20:43:39.149446Z,window-2000,ue-events-03-polling-vs-webhook,3,public-docs,new,"altinn-events,hard",complete,0,false,chunks+answer,true,,,,,,,0.0,0.0,0.0,0.0,true,16,true,16,false,"dae894f1e7b46 R18.5 P1.5 h1.0 or0.3 L679 0/? ty:content b[0.0,0.0,0.0,0.4,0.0,0.0] | Query events","def28a8b441dc R22.7 P2.6 h2.0 or0.5 L665 0/? ty:content+phrase b[0.0,0.0,0.0,0.4,0.0,0.0] | Query events ;; d89a4d6316770 R22.5 P2.5 h2.0 or0.2 L420 1/? ty:content+metadata b[0.0,0.0,0.0,0.4,0.1,0.0] | Detecting changes ;; d37e9eba5fd6b R22.4 P2.5 h2.0 or0.1 L671 0/? ty:content+phrase b[0.0,0.0,0.0,0.4,0.0,0.0] | Subscribe to events ;; d88a046dc8cb8 R22.3 P2.5 h2.0 or0.0 L1286 1/? ty:content+phrase b[0.0,0.0,0.0,0.4,0.0,0.0] | Events ;; df3874b9374bc R22.0 P1.5 h1.0 or0.5 L703 0/? ty:content b[0.0,0.0,0.0,0.4,0.0,0.0] | Query app events org ;; d1c1c23ebf524 R21.5 P2.5 h2.0 or0.5 L708 0/? ty:content+phrase b[0.0,0.0,0.0,0.4,0.0,0.0] | Query app events enduser ;; d23a9d95b4a7b R20.5 P2.5 h2.0 or0.1 L6302 1/? ty:content+phrase b[0.0,0.0,0.0,0.4,0.0,0.0] | Setup subscription ;; dfc4f74301e59 R20.4 P1.4 h1.0 or0.5 L1902 0/? ty:content b[0.0,0.0,0.0,0.4,0.0,0.0] | Basic concepts",2,altinn events polling api instead of webhooks documentation | altinn events api | api for setup of event subscriptions via altinn events | altinn events webhooks | receive events from altinn events | altinn events custom webhook,false,true,0,7,6,1,fb897d22bdf4;0982030b4be9;c4464cc8c17e;4aa2b0740446;fd2b51bae6e8;d7270862768a;795a3cfdb040,fb897d22bdf4;0982030b4be9;c4464cc8c17e;fd2b51bae6e8;d7270862768a;795a3cfdb040,bd4ef5587250,13553,5931,384,6315,0,3,3,"Ja, **du kan** hente hendelser via et HTTP API i stedet for webhooks, men dokumentasjonen sier tydelig at dette er en **alternativ løsning for polling** og at Altinn Events er **designet for å unngå polling**. Webhooks er den **anbefalte** måten å motta hendelser på [1][2][4][5][6].

Det betyr altså:
- **Anbefalt:** abonnere på hendelser via **webhook** [1][3].
- **Mulig, men ikke anbefalt som hovedløsning:** bruke **Events API** til å hente hendelser med planlagte forespørsler/polling [2][4][5][6].

Hvis du vil, kan jeg også forklare forskjellen mellom **subscribe to events** og **query events** i Altinn Events.",
f4d33052-8c73-4cf4-984d-e22f521021b7,2026-06-02T20:44:07.295989Z,off,ue-events-03-polling-vs-webhook,4,public-docs,new,"altinn-events,hard",complete,0,false,chunks+answer,true,,,,,,,0.0,0.0,0.0,0.0,true,18,true,18,false,"dae894f1e7b46 R18.4 P2.6 h2.0 or1.0 L679 0/? ty:content+phrase b[0.0,0.0,0.0,0.4,0.0,0.0] | Query events","def28a8b441dc R23.0 P2.6 h2.0 or1.0 L665 0/? ty:content+phrase b[0.0,0.0,0.0,0.4,0.0,0.0] | Query events ;; df3874b9374bc R22.1 P2.6 h2.0 or0.9 L703 0/? ty:content+phrase b[0.0,0.0,0.0,0.4,0.0,0.0] | Query app events org ;; d37e9eba5fd6b R21.7 P2.6 h2.0 or1.1 L671 0/? ty:content+phrase b[0.0,0.0,0.0,0.4,0.0,0.0] | Subscribe to events ;; d89a4d6316770 R21.6 P3.7 h3.0 or1.5 L420 1/? ty:content+metadata+phrase b[0.0,0.0,0.0,0.5,0.1,0.0] | Detecting changes ;; d1c1c23ebf524 R21.5 P2.6 h2.0 or1.0 L708 0/? ty:content+phrase b[0.0,0.0,0.0,0.4,0.0,0.0] | Query app events enduser ;; d88a046dc8cb8 R20.6 P2.6 h2.0 or0.3 L480 4/? ty:content+phrase b[0.0,0.0,0.0,0.4,0.1,0.0] | Events ;; d5bb5bcda6612 R19.7 P2.7 h2.0 or1.3 L1240 2/? ty:content+phrase b[0.0,0.0,0.0,0.4,0.1,0.0] | Events ;; de08de51d14d0 R19.6 P2.6 h2.0 or0.2 L690 0/? ty:content+phrase b[0.1,0.0,0.0,0.4,0.1,0.0] | Api access",1,altinn events polling api instead of webhooks can i fetch events by polling documentation | altinn events api | polling the event api | event access via polling | receive events from altinn events | altinn events subscription,false,,0,6,2,1,0982030b4be9;fb897d22bdf4;d0c2c9a9b70e;4aa2b0740446;88aba1ea5b4d;c4464cc8c17e,0982030b4be9;fb897d22bdf4,bd4ef5587250,27938,4272,411,4683,0,3,3,"Ja, men bare delvis og ikke som anbefalt hovedløsning. Altinn Events er laget for hendelsesdrevet integrasjon for å **unngå polling**, og webhooks er den anbefalte måten å motta hendelser på [1][2]. Samtidig tilbyr Events API også et HTTP-API for **planlagte forespørsler** om de samme eventdataene, nettopp for gradvis migrering fra polling til webhooks [1].

Så svaret er:
- **Ja**, du kan hente hendelser via API [1].
- **Nei**, det er ikke den anbefalte modellen; polling er noe dokumentasjonen uttrykkelig sier at løsningen er designet for å unngå [1][2].

Hvis du vil, kan jeg også forklare forskjellen mellom **query events** og **subscribe to events** i Altinn Events.",
22a3282e-d656-417f-9987-bf46e5bcc886,2026-06-02T20:44:19.949790Z,window-2000,ue-events-03-polling-vs-webhook,4,public-docs,new,"altinn-events,hard",complete,0,false,chunks+answer,true,,,,,,,1.0,1.0,1.0,1.0,true,1,true,1,true,"dae894f1e7b46 R22.9 P1.5 h1.0 or1.0 L679 0/? ty:content b[0.0,0.0,0.0,0.4,0.0,0.0] | Query events",,1,altinn events polling api webhooks hente hendelser i stedet for webhooks | altinn events api polling | altinn events webhooks,false,,0,5,3,1,0982030b4be9;fb897d22bdf4;43f61fd7e6cd;bd4ef5587250;97269952693c,0982030b4be9;fb897d22bdf4;bd4ef5587250,bd4ef5587250,12309,4429,371,4800,0,3,3,"Ja, men det er **ikke den anbefalte måten**. Altinn Events er designet for å **unngå polling** og bruke hendelsesdrevne integrasjoner med **webhooks** i stedet [1][2]. Samtidig tilbyr Events API også et HTTP-API for **planlagte forespørsler** av hendelsesdata, som kan brukes for en gradvis overgang til webhooks [1][3].

Kort sagt: du **kan** hente hendelser via API, men **webhooks er anbefalt** [1][2].",
178dd1c2-4d13-490f-a6d9-b262b138a731,2026-06-02T20:44:32.285220Z,off,ue-notif-07-standard-avsender-sms-epost,0,public-docs,new,"altinn-notifications,hard",complete,0,false,chunks+answer,true,,,,,,,1.0,1.0,1.0,1.0,true,1,true,1,true,"d286593dbb706 R21.2 P2.5 h2.0 or1.0 L774 0/? ty:content+phrase b[0.0,0.0,0.0,0.4,0.0,0.0] | Custom sender",,1,hvilken avsender vises på sms og e-post som sendes gjennom altinn varsling | altinn varsling | altinn varslinger | avsender på sms altinn | avsender på epost noreply altinn | benytte egendefinert avsender for altinn varsling,false,,0,5,1,1,1ae507a826c4;f8ede96a1d77;2156a98761c2;aa73725749c0;36849d0a53e6,1ae507a826c4,1ae507a826c4,11933,4734,444,5178,0,3,3,"Hvis du ikke konfigurerer noe eget, er avsenderen på SMS **Altinn** (**Altinn-test** i testmiljøet), og avsenderen på e-post **noreply@altinn** (**noreply-tt02@altinn.no** i testmiljøet og **noreply@altinn.cloud** i ytelsestestmiljøet). [1]",
6a222017-cf90-46ba-9161-26c3f8c6f12b,2026-06-02T20:44:45.548857Z,window-2000,ue-notif-07-standard-avsender-sms-epost,0,public-docs,new,"altinn-notifications,hard",complete,0,false,chunks+answer,true,,,,,,,0.0,1.0,1.0,1.0,true,2,true,2,true,"d286593dbb706 R22.8 P2.6 h2.0 or1.3 L774 0/? ty:content+phrase b[0.0,0.0,0.0,0.4,0.0,0.0] | Custom sender","d233db9c21941 R23.0 P2.6 h2.0 or1.2 L10147 0/? ty:content+phrase b[0.0,0.0,0.0,0.4,0.0,0.0] | Notifications",1,altinn varsling standard avsender sms e-post hvis ikke konfigurert eget avsender vises | altinn varsling | benytte egendefinert avsender for altinn varsling | egendefinerte avsendere i altinn varsling | egendefinerte avsendere for epost og sms | avsender på sms altinn,false,,0,9,1,1,2156a98761c2;36849d0a53e6;077bedea569f;046877b17d91;aa73725749c0;0d2c78115fb5;f8ede96a1d77;e1367aa78b19;1ae507a826c4,1ae507a826c4,1ae507a826c4,12937,4636,486,5122,0,3,3,"Hvis du ikke konfigurerer noe eget, er standardavsenderne disse:  

- **SMS:** **Altinn** (**Altinn-test** i testmiljøet) [1]  
- **E-post:** **noreply@altinn** (**noreply-tt02@altinn.no** i testmiljøet og **noreply@altinn.cloud** i ytelsestestmiljøet) [1]  

Det finnes altså ulike standardverdier avhengig av miljø, så spørsmålet er litt underspesifisert hvis du mener et bestemt miljø. [1]",
253a15d7-3bb4-417f-8670-c399903d6240,2026-06-02T20:44:58.114281Z,off,ue-notif-07-standard-avsender-sms-epost,1,public-docs,new,"altinn-notifications,hard",complete,0,false,chunks+answer,true,,,,,,,1.0,1.0,1.0,1.0,true,1,true,1,true,"d286593dbb706 R22.9 P2.6 h2.0 or1.4 L774 0/? ty:content+phrase b[0.0,0.0,0.0,0.4,0.0,0.0] | Custom sender",,1,altinn varsling standard avsender sms e-post ikke konfigurert eget avsender vises | egendefinerte avsendere i altinn varsling | benytte egendefinert avsender for altinn varsling | altinn varsling epost-utsending | egendefinerte avsendere for epost og sms | avsender på sms altinn,false,,0,6,1,1,1ae507a826c4;f8ede96a1d77;aa73725749c0;e1367aa78b19;2156a98761c2;36849d0a53e6,1ae507a826c4,1ae507a826c4,12163,4676,447,5123,0,3,3,"Hvis du ikke konfigurerer noe eget, vises følgende avsender i Altinn Varsling:  

- **SMS:** **Altinn** (**Altinn-test** i testmiljøet) [1]  
- **E-post:** **noreply@altinn** (**noreply-tt02@altinn.no** i testmiljøet og **noreply@altinn.cloud** i ytelsestestmiljøet) [1]",
d94fe5bb-ed08-4e06-963e-11b160099add,2026-06-02T20:45:10.068247Z,window-2000,ue-notif-07-standard-avsender-sms-epost,1,public-docs,new,"altinn-notifications,hard",complete,0,false,chunks+answer,true,,,,,,,1.0,1.0,1.0,1.0,true,1,true,1,true,"d286593dbb706 R21.8 P2.6 h2.0 or1.7 L774 0/? ty:content+phrase b[0.0,0.0,0.0,0.4,0.0,0.0] | Custom sender",,1,standard avsender sms e-post altinn varsling | avsender på sms altinn | avsender på epost noreply altinn | benytte egendefinert avsender for altinn varsling | egendefinerte avsendere for epost og sms | varslingskanal sms eller e-post,false,,0,6,1,1,1ae507a826c4;e1367aa78b19;f8ede96a1d77;aa73725749c0;2156a98761c2;65c7128a702a,1ae507a826c4,1ae507a826c4,11830,4581,454,5035,0,3,3,"Hvis du ikke konfigurerer noe eget, er avsenderen på SMS **Altinn** (**Altinn-test** i testmiljøet), og avsenderen på e-post **noreply@altinn** (**noreply-tt02@altinn.no** i testmiljøet og **noreply@altinn.cloud** i ytelsestestmiljøet). [1]",
f63e8603-1e59-43de-936d-c5a45c3d7414,2026-06-02T20:45:21.640141Z,off,ue-notif-07-standard-avsender-sms-epost,2,public-docs,new,"altinn-notifications,hard",complete,0,false,chunks+answer,true,,,,,,,1.0,1.0,1.0,1.0,true,1,true,1,true,"d286593dbb706 R22.8 P2.6 h2.0 or1.3 L774 0/? ty:content+phrase b[0.0,0.0,0.0,0.4,0.0,0.0] | Custom sender",,1,altinn varsling standard avsender sms e-post hvis ikke konfigurert eget avsender vises | benytte egendefinert avsender for altinn varsling | altinn varsling epost-utsending | avsender på sms altinn | egendefinerte avsendere i altinn varsling | egendefinert avsender,false,,0,5,1,1,1ae507a826c4;e1367aa78b19;f8ede96a1d77;aa73725749c0;36849d0a53e6,1ae507a826c4,1ae507a826c4,11564,4750,433,5183,0,3,3,"Hvis du ikke konfigurerer noe eget, er avsenderen på SMS **Altinn** (**Altinn-test** i testmiljøet), og avsenderen på e-post **noreply@altinn** (**noreply-tt02@altinn.no** i testmiljøet og **noreply@altinn.cloud** i ytelsestestmiljøet). [1]",
e8316602-a078-4710-9d50-8c56772ea8fc,2026-06-02T20:45:36.086030Z,window-2000,ue-notif-07-standard-avsender-sms-epost,2,public-docs,new,"altinn-notifications,hard",complete,0,false,chunks+answer,true,,,,,,,1.0,1.0,1.0,1.0,true,1,true,1,true,"d286593dbb706 R24.3 P2.6 h2.0 or1.7 L774 0/? ty:content+phrase b[0.0,0.0,0.0,0.4,0.0,0.0] | Custom sender",,2,altinn varsling standard avsender sms e-post hvis ikke konfigurert avsender vises | altinn varsling egendefinert avsender | benytte egendefinert avsender for altinn varsling | egendefinerte avsendere i altinn varsling | egendefinerte avsendere for epost og sms | avsender på sms altinn,false,true,0,8,1,1,1ae507a826c4;e1367aa78b19;f8ede96a1d77;aa73725749c0;36849d0a53e6;2156a98761c2;046877b17d91;0d2c78115fb5,1ae507a826c4,1ae507a826c4,14131,6406,495,6901,0,3,3,"Hvis du ikke konfigurerer noe eget, er avsenderen på SMS **Altinn** (**Altinn-test** i testmiljøet), og avsenderen på e-post **noreply@altinn** (**noreply-tt02@altinn.no** i testmiljøet og **noreply@altinn.cloud** i ytelsestestmiljøet). [1]",
0ae70461-8d16-439b-b0f5-e98d9efd4b83,2026-06-02T20:45:47.558719Z,off,ue-notif-07-standard-avsender-sms-epost,3,public-docs,new,"altinn-notifications,hard",complete,0,false,chunks+answer,true,,,,,,,1.0,1.0,1.0,1.0,true,1,true,1,true,"d286593dbb706 R22.8 P2.6 h2.0 or1.3 L774 0/? ty:content+phrase b[0.0,0.0,0.0,0.4,0.0,0.0] | Custom sender",,1,altinn varsling standard avsender sms e-post hvis ikke konfigurert eget avsender vises | altinn varsling | benytte egendefinert avsender for altinn varsling | egendefinerte avsendere i altinn varsling | egendefinerte avsendere for epost og sms | avsender på sms altinn,false,,0,6,1,1,1ae507a826c4;f8ede96a1d77;e1367aa78b19;aa73725749c0;36849d0a53e6;2156a98761c2,1ae507a826c4,1ae507a826c4,11471,4597,437,5034,0,3,3,"Hvis du ikke konfigurerer noe eget, vises følgende avsender i Altinn Varsling:  

- **SMS:** **Altinn** (**Altinn-test** i testmiljøet) [1]  
- **E-post:** **noreply@altinn** (**noreply-tt02@altinn.no** i testmiljøet og **noreply@altinn.cloud** i ytelsestestmiljøet) [1]",
ec9f8338-c50e-40db-b090-ca1e15d7a61c,2026-06-02T20:46:00.355660Z,window-2000,ue-notif-07-standard-avsender-sms-epost,3,public-docs,new,"altinn-notifications,hard",complete,0,false,chunks+answer,true,,,,,,,1.0,1.0,1.0,1.0,true,2,true,2,true,"d286593dbb706 R21.2 P2.5 h2.0 or1.1 L774 0/? ty:content+phrase b[0.0,0.0,0.0,0.4,0.0,0.0] | Custom sender","dc80e570eb722 R21.2 P2.6 h2.0 or0.5 L922 6/? ty:content+metadata b[0.0,0.0,0.0,0.4,0.1,0.0] | Taushetsbelagt post",1,hvilken avsender vises på sms og e-post som sendes gjennom altinn varsling | avsender på sms altinn | avsender på epost noreply altinn | egendefinerte avsendere i altinn varsling | egendefinerte avsendere for epost og sms | benytte egendefinert avsender for altinn varsling,false,,0,5,1,1,1ae507a826c4;f8ede96a1d77;2156a98761c2;aa73725749c0;e1367aa78b19,1ae507a826c4,1ae507a826c4,11946,4669,397,5066,0,3,3,"Hvis du ikke konfigurerer noe eget, vises følgende avsender i Altinn Varsling:  

- **SMS:** **Altinn** (**Altinn-test** i testmiljøet) [1]  
- **E-post:** **noreply@altinn** (**noreply-tt02@altinn.no** i testmiljøet og **noreply@altinn.cloud** i ytelsestestmiljøet) [1]",
d06451a3-e2de-4727-bee5-b8f236234332,2026-06-02T20:46:12.374410Z,off,ue-notif-07-standard-avsender-sms-epost,4,public-docs,new,"altinn-notifications,hard",complete,0,false,chunks+answer,true,,,,,,,1.0,1.0,1.0,1.0,true,1,true,1,true,"d286593dbb706 R23.7 P2.6 h2.0 or1.7 L774 0/? ty:content+phrase b[0.0,0.0,0.0,0.4,0.0,0.0] | Custom sender",,1,altinn varsling standard avsender sms e-post ingen egen konfigurasjon avsender vises | altinn varsling | egendefinerte avsendere i altinn varsling | benytte egendefinert avsender for altinn varsling | egendefinert avsender | avsender på sms altinn,false,,0,4,1,1,1ae507a826c4;e1367aa78b19;aa73725749c0;2156a98761c2,1ae507a826c4,1ae507a826c4,11609,4535,372,4907,0,3,3,"Hvis du ikke konfigurerer noe eget, er standard avsender på SMS **Altinn** (**Altinn-test** i testmiljøet), og standard avsender på e-post **noreply@altinn** (**noreply-tt02@altinn.no** i testmiljøet og **noreply@altinn.cloud** i ytelsestestmiljøet). [1]",
7b425f9e-f9d8-461f-ad18-b5e6f8ab8ddc,2026-06-02T20:46:24.202593Z,window-2000,ue-notif-07-standard-avsender-sms-epost,4,public-docs,new,"altinn-notifications,hard",complete,0,false,chunks+answer,true,,,,,,,1.0,1.0,1.0,1.0,true,1,true,1,true,"d286593dbb706 R21.2 P2.5 h2.0 or1.1 L774 0/? ty:content+phrase b[0.0,0.0,0.0,0.4,0.0,0.0] | Custom sender",,1,hvilken avsender vises på sms og e-post som sendes gjennom altinn varsling | avsender på sms altinn | avsender på epost noreply altinn | egendefinert avsender | egendefinerte avsendere i altinn varsling | egendefinerte avsendere for epost og sms,false,,0,5,1,1,1ae507a826c4;e1367aa78b19;aa73725749c0;2156a98761c2;bc11d442c38b,1ae507a826c4,1ae507a826c4,11609,4683,419,5102,0,3,3,"Hvis du ikke konfigurerer noe eget, er avsenderen på SMS **Altinn** (**Altinn-test** i testmiljøet), og avsenderen på e-post **noreply@altinn** (**noreply-tt02@altinn.no** i testmiljøet og **noreply@altinn.cloud** i ytelsestestmiljøet). [1]",
bd231b56-a853-43b2-ab79-a89f1c8fe659,2026-06-02T20:46:36.432294Z,off,ue-dialog-03-unauthorized-urls,0,public-docs,new,"altinn-dialogporten,hard",complete,0,false,chunks+answer,true,,,,,,,1.0,1.0,1.0,1.0,true,3,true,3,true,"d3db194d20572 R23.2 P2.6 h2.0 or1.4 L462 3/? ty:content+phrase b[0.0,0.0,0.0,0.4,0.0,0.0] | Getting dialog details","d5f614bcedc12 R23.4 P2.5 h2.0 or1.2 L1337 12/? ty:content+phrase b[0.0,0.0,0.0,0.4,0.0,0.0] | Creating dialogs ;; d3f5d66423a1e R23.3 P2.7 h2.0 or1.4 L702 2/? ty:content+phrase b[0.1,0.0,0.0,0.4,0.1,0.0] | Altinn authorization",1,dialogporten action transmission url authenticated user not authorized what happens to urls authorization behavior | dialogporten unauthorized action | isauthorized shows whether the authenticated user is currently authorized | dialogporten authorization check against altinn authorization | call altinn authorization for access decisions,false,,0,7,4,1,21a2b4c03e39;b6ffbf1ab35d;e9182268643f;605195d7cab8;7862f7d4c489;5eea6b0e346c;4e0a91e2b55d,e9182268643f;605195d7cab8;7862f7d4c489;5eea6b0e346c,7862f7d4c489,11843,4295,302,4597,0,3,3,"If the authenticated user is not authorized, Dialogporten marks the action or transmission as `isAuthorized: false` and replaces the associated URLs with `urn:dialogporten:unauthorized`.[1][3][4]

For transmissions, embedded content and attachments are also not available when access is denied.[2]",
f277b044-67e8-46c0-8c60-c96e9d69b621,2026-06-02T20:46:47.969237Z,window-2000,ue-dialog-03-unauthorized-urls,0,public-docs,new,"altinn-dialogporten,hard",complete,0,false,chunks+answer,true,,,,,,,1.0,1.0,1.0,1.0,true,1,true,1,true,"d3db194d20572 R22.6 P3.6 h3.0 or0.9 L462 3/? ty:content+metadata+phrase b[0.0,0.0,0.0,0.5,0.0,0.0] | Getting dialog details",,1,dialogporten action transmission url authenticated user not authorized what happens to urls | authenticated user is currently authorized | authenticated user may access the transmission content | dialogporten unauthorized action | api action endpoint urls are rewritten to urn dialogporten unauthorized | authorization fails,false,,0,5,3,1,7862f7d4c489;e9182268643f;605195d7cab8;966cb430c2fa;1a65d1130939,7862f7d4c489;e9182268643f;605195d7cab8,7862f7d4c489,11261,4269,273,4542,0,3,3,"If the authenticated user is **not authorized**, the URL is replaced with the special value **`urn:dialogporten:unauthorized`** for both **actions** and **transmissions**. [1][2][3]

For actions, the docs say unauthorized GUI action URLs and API action endpoint URLs are rewritten to `urn:dialogporten:unauthorized`. [2]  
For transmissions, navigational URLs are rewritten to `urn:dialogporten:unauthorized`, and embedded content/attachments are not available if access is denied. [3]",
cd47fcbc-0a13-4362-9486-c92f1463338a,2026-06-02T20:47:00.087964Z,off,ue-dialog-03-unauthorized-urls,1,public-docs,new,"altinn-dialogporten,hard",complete,0,false,chunks+answer,true,,,,,,,1.0,1.0,1.0,1.0,true,3,true,3,true,"d3db194d20572 R23.3 P2.6 h2.0 or1.3 L462 3/? ty:content+phrase b[0.0,0.0,0.0,0.4,0.0,0.0] | Getting dialog details","d3f5d66423a1e R23.4 P2.7 h2.0 or0.9 L702 2/? ty:content+phrase b[0.1,0.0,0.0,0.4,0.1,0.0] | Altinn authorization ;; d5f614bcedc12 R23.3 P2.5 h2.0 or0.9 L1337 12/? ty:content+phrase b[0.0,0.0,0.0,0.4,0.0,0.0] | Creating dialogs",1,dialogporten action transmission urls authenticated user not authorized what happens to urls authorization behavior | dialogporten authorization mechanisms | dialogporten authorization check against altinn authorization | isauthorized tells you whether the authenticated user may access the transmission content | isauthorized shows whether the authenticated user is currently authorized | unauthorized user accesses an app,false,,0,5,3,1,e9182268643f;605195d7cab8;7862f7d4c489;21a2b4c03e39;b6ffbf1ab35d,e9182268643f;605195d7cab8;7862f7d4c489,7862f7d4c489,11939,4312,333,4645,0,3,3,"If the authenticated user is not authorized, the URLs are rewritten to `urn:dialogporten:unauthorized` for both **actions** and **transmissions**. [1][2][3]

There is one scope difference in the sources: for **end-user APIs**, unauthorized **GUI action URLs** and **API action endpoint URLs** are rewritten to `urn:dialogporten:unauthorized`, and unauthorized transmission navigational URLs are also rewritten to `urn:dialogporten:unauthorized`. [1][2]",
02f65dde-9191-4d73-bf36-1fc243223075,2026-06-02T20:47:12.883752Z,window-2000,ue-dialog-03-unauthorized-urls,1,public-docs,new,"altinn-dialogporten,hard",complete,0,false,chunks+answer,true,,,,,,,1.0,1.0,1.0,1.0,true,1,true,1,true,"d3db194d20572 R22.6 P3.6 h3.0 or0.8 L462 3/? ty:content+metadata+phrase b[0.0,0.0,0.0,0.5,0.0,0.0] | Getting dialog details",,1,dialogporten action transmission url authenticated user not authorized what happens to urls | authenticated user is currently authorized | isauthorized tells you whether the authenticated user may access the transmission content | dialogporten unauthorized action | api action endpoint urls are rewritten to urn dialogporten unauthorized | authorization fails,false,,0,7,4,1,7862f7d4c489;966cb430c2fa;e9182268643f;605195d7cab8;1a65d1130939;21a2b4c03e39;b6ffbf1ab35d,7862f7d4c489;e9182268643f;605195d7cab8;21a2b4c03e39,7862f7d4c489,12794,4303,340,4643,0,3,3,"If the authenticated user is not authorized, the action or transmission gets `isAuthorized = false`, and its URL is replaced with the special value `urn:dialogporten:unauthorized`. [1][2][3][4]

For actions, this applies to both GUI action URLs and API action endpoint URLs. [2] For transmissions, navigational URLs are rewritten the same way, and embedded content/attachments are not available if access is denied. [3]",
20dba95b-ce3e-4d3d-9c4b-80df72ab2f2b,2026-06-02T20:47:25.942194Z,off,ue-dialog-03-unauthorized-urls,2,public-docs,new,"altinn-dialogporten,hard",complete,0,false,chunks+answer,true,,,,,,,1.0,1.0,1.0,1.0,true,1,true,1,true,"d3db194d20572 R24.3 P2.5 h2.0 or0.8 L462 3/? ty:content+phrase b[0.0,0.0,0.0,0.4,0.0,0.0] | Getting dialog details",,2,dialogporten action transmission url unauthorized authenticated user not authorized what happens to urls | dialogporten unauthorized action | authenticated user is currently authorized | authenticated user may access the transmission content | navigational urls are rewritten to urn dialogporten unauthorized | 401 unauthorized,false,true,0,7,3,1,e9182268643f;605195d7cab8;21a2b4c03e39;7862f7d4c489;ff208c3dcf0c;4c0303aa6400;b6ffbf1ab35d,e9182268643f;605195d7cab8;7862f7d4c489,7862f7d4c489,12556,6085,337,6422,0,3,3,"If the authenticated user is not authorized, the URLs are redacted and rewritten to `urn:dialogporten:unauthorized` for both GUI actions and API actions, and for transmissions the navigational URLs are also rewritten to `urn:dialogporten:unauthorized`.[1][2][3]",
8a8e31f7-d75f-461e-a883-f94d8ffcda4e,2026-06-02T20:47:38.042006Z,window-2000,ue-dialog-03-unauthorized-urls,2,public-docs,new,"altinn-dialogporten,hard",complete,0,false,chunks+answer,true,,,,,,,1.0,1.0,1.0,1.0,true,2,true,2,true,"d3db194d20572 R24.3 P2.5 h2.0 or0.8 L462 3/? ty:content+phrase b[0.0,0.0,0.0,0.4,0.0,0.0] | Getting dialog details","d1e970ade1a55 R24.3 P2.6 h2.0 or1.4 L1581 0/? ty:content+phrase b[0.0,0.0,0.0,0.4,0.0,0.0] | Action",1,dialogporten action transmission url unauthorized authenticated user not authorized what happens to urls | dialogporten unauthorized action | isauthorized shows whether the authenticated user is currently authorized | isauthorized tells you whether the authenticated user may access the transmission content,false,,0,6,4,1,e9182268643f;605195d7cab8;7862f7d4c489;966cb430c2fa;ac1e2fdd1716;8b69d3a93ad4,e9182268643f;605195d7cab8;7862f7d4c489;8b69d3a93ad4,7862f7d4c489,11893,4434,335,4769,0,3,3,"If the authenticated user is not authorized, the URLs are rewritten to `urn:dialogporten:unauthorized` for both the action and the transmission. [1][2][3][4]

For actions, this applies to GUI action URLs and API action endpoint URLs. [1][3] For transmissions, navigational URLs are rewritten the same way, and embedded content/attachments are not available if access is denied. [2]",
26c5d458-3a49-4090-a003-41cd6ab0045f,2026-06-02T20:47:49.651626Z,off,ue-dialog-03-unauthorized-urls,3,public-docs,new,"altinn-dialogporten,hard",complete,0,false,chunks+answer,true,,,,,,,1.0,1.0,1.0,1.0,true,2,true,2,true,"d3db194d20572 R22.5 P2.7 h2.0 or1.2 L462 3/? ty:content+phrase b[0.0,0.0,0.0,0.4,0.1,0.0] | Getting dialog details","d3f5d66423a1e R22.7 P2.7 h2.0 or1.4 L702 2/? ty:content+phrase b[0.0,0.0,0.0,0.4,0.1,0.0] | Altinn authorization",1,dialogporten action transmission url authenticated user not authorized urls behavior authorization | source url to activity in dialogporten | invoke the url associated with the action | api action endpoint urls are rewritten to urn dialogporten unauthorized | write action url with dialog token | dialogporten unauthorized action,false,,0,9,4,1,e9182268643f;d187850c61b0;dc93c737f86f;7862f7d4c489;8276b4fa40a8;1a65d1130939;94bc081d38eb;21a2b4c03e39;5eea6b0e346c,e9182268643f;7862f7d4c489;21a2b4c03e39;5eea6b0e346c,7862f7d4c489,11607,4542,379,4921,0,3,3,"If the authenticated user is not authorized, the action or transmission is marked `isAuthorized: false`, and its URLs are removed or redacted. In the end-user APIs, the URLs are rewritten to `urn:dialogporten:unauthorized` for GUI actions and API actions; for actions and transmissions generally, the URLs are replaced with that special unauthorized value or removed. [1][2][3][4]",
32e01afb-e3a3-4ecb-946a-aec3b391b849,2026-06-02T20:48:01.226714Z,window-2000,ue-dialog-03-unauthorized-urls,3,public-docs,new,"altinn-dialogporten,hard",complete,0,false,chunks+answer,true,,,,,,,1.0,1.0,1.0,1.0,true,1,true,1,true,"d3db194d20572 R22.8 P2.5 h2.0 or0.6 L462 3/? ty:content+phrase b[0.0,0.0,0.0,0.4,0.0,0.0] | Getting dialog details",,1,dialogporten action transmission url unauthorized authenticated user behavior | dialogporten unauthorized action | gui action urls are rewritten to urn dialogporten unauthorized | api action endpoint urls are rewritten to urn dialogporten unauthorized,false,,0,6,2,1,e9182268643f;7862f7d4c489;966cb430c2fa;8276b4fa40a8;7c4d6867a379;06ee7c6dee63,e9182268643f;7862f7d4c489,7862f7d4c489,11355,4487,347,4834,0,3,3,"If the authenticated user is not authorized, the URLs are redacted and replaced with the special value `urn:dialogporten:unauthorized` for both actions and transmissions. [2]

For GUI actions specifically, the action URL is rewritten to `urn:dialogporten:unauthorized`, and for API actions, the endpoint URL is rewritten to `urn:dialogporten:unauthorized`. [1][2]",
b6fc5f8a-a81f-4b72-b2ad-fb1dc59fe18b,2026-06-02T20:48:14.107098Z,off,ue-dialog-03-unauthorized-urls,4,public-docs,new,"altinn-dialogporten,hard",complete,0,false,chunks+answer,true,,,,,,,1.0,1.0,1.0,1.0,true,1,true,1,true,"d3db194d20572 R21.6 P2.5 h2.0 or0.6 L462 3/? ty:content+phrase b[0.0,0.0,0.0,0.4,0.0,0.0] | Getting dialog details",,2,dialogporten action transmission url authenticated user not authorized behavior | dialogporten unauthorized action authenticated user | source url to activity in dialogporten authenticated user | authenticated user isauthorized shows whether the authenticated user is currently authorized | isauthorized tells you whether the authenticated user may access the transmission content | authenticated user has access transmission entity,false,true,0,6,2,1,7862f7d4c489;21a2b4c03e39;b6ffbf1ab35d;5eea6b0e346c;1a65d1130939;c62a37ff5dad,7862f7d4c489;21a2b4c03e39,7862f7d4c489,12877,6238,344,6582,0,3,3,"If the authenticated user is not authorized for a Dialogporten action or transmission, its `isAuthorized` flag is set to `false`, and the associated URLs are replaced with `urn:dialogporten:unauthorized` or removed entirely. [1][2]

There is a small wording difference in the sources: one says the URLs are replaced with the special value `urn:dialogporten:unauthorized` [1], while another says all URLs are removed [2]. Both describe the same unauthorized outcome in Dialogporten terminology.",
834d68c2-c40a-452d-9a89-0b76395d5bd5,2026-06-02T20:48:25.846814Z,window-2000,ue-dialog-03-unauthorized-urls,4,public-docs,new,"altinn-dialogporten,hard",complete,0,false,chunks+answer,true,,,,,,,1.0,1.0,1.0,1.0,true,2,true,2,true,"d3db194d20572 R23.8 P2.5 h2.0 or0.8 L462 3/? ty:content+phrase b[0.0,0.0,0.0,0.4,0.0,0.0] | Getting dialog details","d1e970ade1a55 R24.1 P2.6 h2.0 or1.4 L1581 0/? ty:content+phrase b[0.0,0.0,0.0,0.4,0.0,0.0] | Action",1,dialogporten action transmission url unauthorized authenticated user what happens to urls if user is not authorized | isauthorized shows whether the authenticated user is currently authorized | isauthorized tells you whether the authenticated user may access the transmission content,false,,0,7,4,1,e9182268643f;605195d7cab8;7862f7d4c489;966cb430c2fa;1a65d1130939;ac1e2fdd1716;8b69d3a93ad4,e9182268643f;605195d7cab8;7862f7d4c489;8b69d3a93ad4,7862f7d4c489,11230,4408,342,4750,0,3,3,"If the authenticated user is not authorized, the URLs are rewritten to `urn:dialogporten:unauthorized` for both the action and the transmission. [1][2][3][4]

For actions, this applies to both GUI action URLs and API action endpoint URLs. [1][3]",
039e6f2b-670e-4137-8246-077408c44180,2026-06-02T20:48:39.305702Z,off,ue-dialog-05-search-rest-graphql,0,public-docs,new,"altinn-dialogporten,hard",complete,0,false,chunks+answer,true,,,,,,,1.0,1.0,1.0,1.0,true,3,true,3,true,"d4198cc665bec R21.7 P2.6 h2.0 or1.7 L546 1/? ty:content+phrase b[0.0,0.0,0.0,0.4,0.0,0.0] | Searching for dialogs","dc7b0859d47e2 R22.0 P2.5 h2.0 or1.2 L1212 3/? ty:content+phrase b[0.0,0.0,0.0,0.4,0.0,0.0] | Creating dialogs ;; db5bf7b3760d7 R21.8 P3.7 h3.0 or0.7 L803 1/? ty:content+metadata+phrase b[0.0,0.0,0.0,0.5,0.1,0.0] | About dialogporten",1,dialogporten protokoller søk etter dialoger mindre informasjon i søkeresultat enn detaljvisning | søke etter dialoger i dialogporten | søke etter dialoger | dialoger i dialogporten | søke etter og vise dialoger | detaljvisningen gir mer informasjon om dialogen,false,,0,10,4,1,9562d11b00da;3492eeee36b5;584b5bfdcbb8;63adb60b64d7;33a8bfd98b75;bd9e14b1be92;9f5672e5cd8b;d26f4d5d2b16;c8c68cc06fda;a7942896bf17,584b5bfdcbb8;63adb60b64d7;d26f4d5d2b16;c8c68cc06fda,584b5bfdcbb8,13067,4559,504,5063,0,3,3,"Dialogporten støtter både **REST** og **GraphQL** for å søke etter dialoger i sluttbruker-API-et. [1]

Du får **mindre informasjon i søkeresultatet** enn i detaljvisningen fordi søkeendepunktet bare returnerer en **samling av dialoger med et delsett av informasjonen** fra dialogdetalj-endepunktet. [2] Detaljvisningen inneholder derimot **alle dataene som er tilgjengelige i søket**, pluss mer, blant annet **tittel, sammendrag, tilleggsinformasjon (tekst), front channel embeds, handlinger, aktivitetslogg og forsendelser**. [3]

Det er altså ikke en feil, men en forskjell i **datastruktur og informasjonsnivå** mellom søk og detaljvisning. [1][4]",
0f0fd03a-66c1-49cf-b9e1-f86503f50e37,2026-06-02T20:48:52.217278Z,window-2000,ue-dialog-05-search-rest-graphql,0,public-docs,new,"altinn-dialogporten,hard",complete,0,false,chunks+answer,true,,,,,,,1.0,1.0,1.0,1.0,true,1,true,1,true,"d4198cc665bec R22.0 P2.6 h2.0 or1.7 L546 1/? ty:content+phrase b[0.0,0.0,0.0,0.4,0.0,0.0] | Searching for dialogs",,1,dialogporten protokoller søk etter dialoger søkeresultat detaljvisning mindre informasjon | søke etter dialoger i dialogporten | søke etter og vise dialoger | dialogporten dialogdetaljer | detaljvisningen gir mer informasjon om dialogen | dialogporten,false,,0,8,2,1,584b5bfdcbb8;bd9e14b1be92;c8c68cc06fda;a7942896bf17;a3a204e63333;fa42f12f0e96;ca4e0bd94283;cf6fec34994e,584b5bfdcbb8;c8c68cc06fda,584b5bfdcbb8,12398,4482,455,4937,0,3,3,"Dialogporten støtter **både REST og GraphQL** for **sluttbruker-API-et** når du søker etter dialoger. **Tjenesteeier-API-et** støtter **REST-søk** med ekstra filtre. [1]

Du får mindre informasjon i søkeresultatet enn i detaljvisningen fordi **søkeresultatet og detaljendepunktet returnerer forskjellige datastrukturer**. Søket er laget for å finne og filtrere dialoger, mens **detaljvisningen gir mer informasjon om dialogen og hvilken tilgang den autoriserte brukeren har til ulike deler av den**. [1][2]",
97e94df6-af94-41fd-aee5-f308a6a8df0f,2026-06-02T20:49:04.404483Z,off,ue-dialog-05-search-rest-graphql,1,public-docs,new,"altinn-dialogporten,hard",complete,0,false,chunks+answer,true,,,,,,,1.0,1.0,1.0,1.0,true,1,true,1,true,"d4198cc665bec R22.6 P2.6 h2.0 or1.4 L546 1/? ty:content+phrase b[0.0,0.0,0.0,0.4,0.0,0.0] | Searching for dialogs",,1,dialogporten søk dialoger protokoller søkeresultat detaljvisning mindre informasjon | søke etter dialoger i dialogporten | søke-api-et i dialogporten | filtrere dialoger i dialogporten,false,,0,6,2,1,584b5bfdcbb8;bd9e14b1be92;c8c68cc06fda;a7942896bf17;3492eeee36b5;f30167214d68,584b5bfdcbb8;c8c68cc06fda,584b5bfdcbb8,11893,4605,394,4999,0,3,3,"Dialogporten støtter både **REST** og **GraphQL** for **sluttbruker-API-et** når du søker etter dialoger, mens **tjenesteeier-API-et** støtter **REST-søk** med ekstra filtre. [1]

Du får mindre informasjon i søkeresultatet enn i detaljvisningen fordi **datastrukturen som returneres i søk er forskjellig fra den som returneres fra detaljendepunktet**. Søkeresultatet er mer begrenset, mens detaljvisningen inneholder **mer informasjon om dialogen** og **hvilken tilgang den autoriserte brukeren har til ulike deler av den**. [1][2]",
2a0922f3-2369-46d8-93df-cafe8345fc51,2026-06-02T20:49:17.828059Z,window-2000,ue-dialog-05-search-rest-graphql,1,public-docs,new,"altinn-dialogporten,hard",complete,0,false,chunks+answer,true,,,,,,,1.0,1.0,1.0,1.0,true,1,true,1,true,"d4198cc665bec R22.6 P2.6 h2.0 or1.4 L546 1/? ty:content+phrase b[0.0,0.0,0.0,0.4,0.0,0.0] | Searching for dialogs",,1,dialogporten søk dialoger protokoller søkeresultat detaljvisning mindre informasjon | søke etter dialoger i dialogporten | søke-api-et i dialogporten | dialoger i dialogporten | søke etter og vise dialoger | filtrere dialoger i dialogporten,false,,0,8,2,1,584b5bfdcbb8;bd9e14b1be92;c8c68cc06fda;b1e8df46e694;fa42f12f0e96;a7942896bf17;3492eeee36b5;a3a204e63333,584b5bfdcbb8;c8c68cc06fda,584b5bfdcbb8,13293,4500,459,4959,0,3,3,"Dialogporten støtter både **REST** og **GraphQL** for søk etter dialoger i sluttbruker-API-et, mens tjenesteeier-API-et støtter **REST-søk** med ekstra filtre. [1]

Du får mindre informasjon i søkeresultatet enn i detaljvisningen fordi **datastrukturen er forskjellig** mellom søk og detaljendepunktet, og **mer informasjon om dialogen samt hvilken tilgang den autoriserte brukeren har til ulike deler av den, er bare tilgjengelig i detaljvisningen**. [1][2]",
f848a7c0-e346-4db4-88cc-8eecb84b6d62,2026-06-02T20:49:32.147669Z,off,ue-dialog-05-search-rest-graphql,2,public-docs,new,"altinn-dialogporten,hard",complete,0,false,chunks+answer,true,,,,,,,1.0,1.0,1.0,1.0,true,1,true,1,true,"d4198cc665bec R22.1 P2.6 h2.0 or1.4 L546 1/? ty:content+phrase b[0.0,0.0,0.0,0.4,0.0,0.0] | Searching for dialogs",,1,dialogporten protokoller søke etter dialoger søkeresultat detaljvisning mindre informasjon | søke etter dialoger i dialogporten | søke etter dialoger | searchdialogs for å søke etter dialoger | detaljvisningen gir mer informasjon om dialogen | søke etter og vise dialoger,false,,0,7,2,1,584b5bfdcbb8;bd9e14b1be92;c8c68cc06fda;ee8b78e10a90;a7942896bf17;a3a204e63333;86602ec8605b,584b5bfdcbb8;c8c68cc06fda,584b5bfdcbb8,13876,4518,452,4970,0,3,3,"Dialogporten støtter både **REST** og **GraphQL** for **sluttbruker-API-et** når du søker etter dialoger. **Tjenesteeier-API-et** støtter **REST-søk** med ekstra filtre. [1]

Du får mindre informasjon i søkeresultatet enn i detaljvisningen fordi **datastrukturen som returneres i søk er forskjellig fra den som returneres fra detaljendepunktet**; søket gir bare en lettere oversikt, mens **mer informasjon om dialogen og hvilken tilgang den autoriserte brukeren har til ulike deler av den, er bare tilgjengelig i detaljvisningen**. [1][2]",
bf3ac84d-5e17-4168-a6bb-5ad84f985075,2026-06-02T20:49:44.606517Z,window-2000,ue-dialog-05-search-rest-graphql,2,public-docs,new,"altinn-dialogporten,hard",complete,0,false,chunks+answer,true,,,,,,,1.0,1.0,1.0,1.0,true,1,true,1,true,"d4198cc665bec R22.6 P2.6 h2.0 or1.4 L546 1/? ty:content+phrase b[0.0,0.0,0.0,0.4,0.0,0.0] | Searching for dialogs",,1,dialogporten søk dialoger protokoller søkeresultat detaljvisning mindre informasjon | søke etter dialoger i dialogporten | søke etter og vise dialoger | hvordan søke etter og filtrere dialoger | filtrere dialoger i dialogporten | detaljvisningen gir mer informasjon om dialogen,false,,0,8,3,1,584b5bfdcbb8;c8c68cc06fda;a7942896bf17;3492eeee36b5;bd9e14b1be92;9562d11b00da;9f5672e5cd8b;d26f4d5d2b16,584b5bfdcbb8;c8c68cc06fda;d26f4d5d2b16,584b5bfdcbb8,12226,4556,491,5047,0,3,3,"Dialogporten støtter **REST** og **GraphQL** for søk på **sluttbruker-API-et** [1]. For **tjenesteeier-API-et** er det **REST-søk** med ekstra filtre [1].

Du får mindre informasjon i søkeresultatet fordi **søkeendepunktet returnerer en annen datastruktur enn detaljendepunktet**; mer informasjon om dialogen og hvilken tilgang den autoriserte brukeren har, er **bare tilgjengelig i detaljvisningen** [1][2]. Detaljvisningen inneholder i tillegg blant annet **tittel, sammendrag, tilleggsinformasjon, front channel embeds, handlinger, aktivitetslogg og forsendelser** [3].",
7141a7ca-bd88-4482-8098-fd4550e00c12,2026-06-02T20:49:58.796617Z,off,ue-dialog-05-search-rest-graphql,3,public-docs,new,"altinn-dialogporten,hard",complete,0,false,chunks+answer,true,,,,,,,1.0,1.0,1.0,1.0,true,1,true,1,true,"d4198cc665bec R22.1 P2.6 h2.0 or1.7 L546 1/? ty:content+phrase b[0.0,0.0,0.0,0.4,0.0,0.0] | Searching for dialogs",,1,dialogporten protokoller søke etter dialoger søkeresultat detaljvisning mindre informasjon | søke etter dialoger i dialogporten | søke-api-et i dialogporten | filtrere dialoger i dialogporten | dialogdetaljvisningen | detaljvisningen gir mer informasjon om dialogen,false,,0,9,2,1,d51a17b5e9a8;5954ab3600ed;3492eeee36b5;584b5bfdcbb8;d9dc65f4ecbc;e17a77a6e423;bd9e14b1be92;c8c68cc06fda;a7942896bf17,584b5bfdcbb8;c8c68cc06fda,584b5bfdcbb8,14125,4546,483,5029,0,3,3,"Dialogporten støtter både **REST** og **GraphQL** for å søke etter dialoger. [1]

Du får **mindre informasjon i søkeresultatet enn i detaljvisningen** fordi søk og detaljendepunktet har **forskjellig datastruktur**: søket returnerer en enklere payload, mens detaljvisningen inneholder mer informasjon om dialogen og hvilken tilgang den autoriserte brukeren har til ulike deler av den. [1][2]

Kort sagt:
- **Søk:** REST eller GraphQL [1]
- **Detaljer:** mer utfyllende informasjon enn søk [1][2]",
6102e0f7-970c-4644-80df-ac73557cd3d0,2026-06-02T20:50:11.955511Z,window-2000,ue-dialog-05-search-rest-graphql,3,public-docs,new,"altinn-dialogporten,hard",complete,0,false,chunks+answer,true,,,,,,,1.0,1.0,1.0,1.0,true,2,true,2,true,"d4198cc665bec R22.1 P2.7 h2.0 or1.5 L546 1/? ty:content+phrase b[0.0,0.0,0.0,0.4,0.0,0.0] | Searching for dialogs","d2a7a456f5569 R22.5 P2.7 h2.0 or1.5 L1374 0/? ty:content+phrase b[0.0,0.0,0.0,0.4,0.0,0.0] | Dialogporten",1,dialogporten protokoller søke etter dialoger mindre informasjon i søkeresultatet enn i detaljvisningen | søke etter dialoger i dialogporten | detaljvisningen gir mer informasjon om dialogen | søke-api-et i dialogporten | searchdialogs for å søke etter dialoger | filtrere dialoger i dialogporten,false,,0,6,2,1,584b5bfdcbb8;bd9e14b1be92;c8c68cc06fda;86602ec8605b;fa42f12f0e96;3133c3dc4f6f,584b5bfdcbb8;c8c68cc06fda,584b5bfdcbb8,12564,4622,463,5085,0,3,3,"Dialogporten støtter både **REST** og **GraphQL** for sluttbruker-API-et når du søker etter dialoger. Tjenesteeier-API-et støtter **REST-søk** med ekstra filtre for administrasjon av dialoger og sluttbrukerkontekst. [1]

Du får **mindre informasjon i søkeresultatet enn i detaljvisningen** fordi datastrukturen som returneres i søk er **forskjellig** fra den som returneres fra **detaljendepunktet**; mer informasjon om dialogen og hvilken tilgang den autoriserte brukeren har til ulike deler av den, er bare tilgjengelig i **detaljvisningen**. [1][2]",
b5c482eb-7a82-4bf6-bb80-a0007bf1f731,2026-06-02T20:50:26.375151Z,off,ue-dialog-05-search-rest-graphql,4,public-docs,new,"altinn-dialogporten,hard",complete,0,false,chunks+answer,true,,,,,,,0.0,0.0,0.0,0.0,false,,false,,false,,,1,dialogporten supported protocols search dialogs why search results contain less information than detail view | search for dialogs in dialogporten | search for and view dialogs | search and filter dialogs | search endpoint | data structure returned in searches differs from the details endpoint,false,,0,8,5,1,82cf3242bd7f;a76502198671;846e3c3a5c04;96ae84ca6b34;a76d61251556;2fa2b30bb3b8;966cb430c2fa;664a1d8c7280,82cf3242bd7f;a76502198671;846e3c3a5c04;96ae84ca6b34;2fa2b30bb3b8,584b5bfdcbb8,14069,4508,421,4929,0,3,3,"Dialogporten støtter søk etter dialoger via **REST** og **GraphQL** for end-user-søk. REST-endepunktet er `GET /api/v1/enduser/dialogs`, og GraphQL eksponerer samme søk som `searchDialogs`.[1][3] For service owner-søk finnes også `GET /api/v1/serviceowner/dialogs`, men det er en annen rollebasert søkeprotokoll/flate.[4]

Du får **mindre informasjon i søkeresultatet enn i detaljvisningen** fordi søkeendepunktet bare returnerer en **collection of dialogs** med et **subset** av informasjonen fra dialog-detaljendepunktet.[2] Detaljvisningen inneholder i tillegg mer data, blant annet **title, summary and additional info**, **front channel embeds**, **actions**, **activity log** og **transmissions**.[5] Søkeresultatet er altså en mer begrenset oversikt, mens detaljvisningen er laget for å vise f…",
4de858c7-2b54-40fa-8107-500cc7be6a91,2026-06-02T20:50:40.149348Z,window-2000,ue-dialog-05-search-rest-graphql,4,public-docs,new,"altinn-dialogporten,hard",complete,0,false,chunks+answer,true,,,,,,,0.0,0.0,0.0,0.0,true,60,false,,false,"d4198cc665bec R— P1.2 h1.0 or0.7 L546 1/? ty:phrase b[0.0,0.0,0.0,0.1,0.0,0.0] | Searching for dialogs","d2a7a456f5569 R22.3 P2.7 h2.0 or1.5 L1374 0/? ty:content+phrase b[0.0,0.0,0.0,0.4,0.0,0.0] | Dialogporten ;; db5bf7b3760d7 R21.7 P3.7 h3.0 or1.4 L803 1/? ty:content+metadata+phrase b[0.0,0.0,0.0,0.5,0.1,0.0] | About dialogporten ;; d20df5f0bec48 R21.6 P2.5 h2.0 or0.9 L664 0/? ty:content+phrase b[0.0,0.0,0.0,0.4,0.0,0.0] | Getting dialog details ;; dc7b0859d47e2 R21.6 P1.4 h1.0 or1.0 L1212 3/? ty:content b[0.0,0.0,0.0,0.4,0.0,0.0] | Creating dialogs ;; dc43293a24c69 R21.5 P1.4 h1.0 or1.0 L1177 0/? ty:content b[0.0,0.0,0.0,0.4,0.0,0.0] | Looking up dialogs ;; db5bf7b3760d7 R21.4 P2.6 h2.0 or1.2 L728 4/? ty:content+phrase b[0.0,0.0,0.0,0.4,0.0,0.0] | About dialogporten ;; d800956baa2e5 R21.0 P1.4 h1.0 or0.5 L1788 0/? ty:content b[0.0,0.0,0.0,0.4,0.0,0.0] | Service resource ;; dbf0e5bb62623 R20.7 P2.5 h2.0 or0.7 L1226 1/? ty:content+phrase b[0.0,0.0,0.0,0.4,0.0,0.0] | Front channel embeds",1,dialogporten søke dialoger protokoller søkeresultat detaljvisning mindre informasjon hvorfor | søke etter dialoger i dialogporten | dialogporten dialogdetaljer | dialogporten søkeresultat | filtrere dialoger i dialogporten | dialogporten inneholder dialoger,false,,0,6,2,1,bd9e14b1be92;ee8b78e10a90;c8c68cc06fda;b1e8df46e694;fa42f12f0e96;a7942896bf17,bd9e14b1be92;c8c68cc06fda,584b5bfdcbb8,13555,4454,416,4870,0,3,3,"Dialogporten støtter både **REST-API** og **GraphQL-API** for å hente dialoger og dialogdetaljer [2]. For søk etter dialoger viser dokumentasjonen også at det finnes **API Documentation** for søkeendepunktet, men i utdraget her er ikke selve protokollene for søk eksplisitt listet utover at Dialogporten generelt bruker REST eller GraphQL for dialogtilgang [1][2].

At du får **mindre informasjon i søkeresultatet enn i detaljvisningen**, skyldes at datastrukturen er forskjellig: søkeendepunktet returnerer en annen og mer begrenset struktur enn enkeltdialogvisningen, og detaljvisningen gir **mer informasjon om dialogen og hva brukeren har tilgang til** [2]. Med andre ord er søk laget for å finne og filtrere dialoger, mens detaljvisning er laget for å hente fullere dialoginformasjon [2].",
44ec8c41-ae3b-44eb-9025-d7ba53dc19c6,2026-06-02T20:50:52.972818Z,off,ue-dialog-07-webapi-sdk,0,public-docs,new,"altinn-dialogporten,hard",complete,0,false,chunks+answer,true,,,,,,,1.0,1.0,1.0,1.0,true,2,true,2,true,"d6ed96a9e4492 R20.8 P2.6 h2.0 or1.7 L417 2/? ty:content+phrase b[0.0,0.0,0.0,0.4,0.0,0.0] | Integrating altinn apps","d15acdbec9ae3 R21.7 P2.6 h2.0 or1.7 L1064 0/? ty:content+phrase b[0.0,0.0,0.0,0.4,0.0,0.0] | Updating dialogs",1,oppdatere dialoger selv | oppdatering av dialoger | dialogoppdatering via abonnement | dialogopprettelse | programmatisk opprette dialoger | manuell synkronisering dialoger,false,,0,5,1,1,ad8dcba97a48;02549d9974fa;d71450987d15;5cb40a25e6bc;68a9ae627a18,68a9ae627a18,68a9ae627a18,12637,4722,454,5176,0,3,3,"Du kan bruke **Dialogporten WebAPI SDK** til å få **programmatisk tilgang** til Dialogporten, slik at applikasjonen din selv kan **opprette og oppdatere dialoger** når den automatiske synkroniseringen ikke gir nok kontroll. Dette gir også **finkornet håndtering av aktiviteter, forsendelser og synkronisering med Altinn Innboks**. [1]

Hvis du vil, kan jeg også forklare hva dette betyr i praksis eller vise et typisk flyt-eksempel.",
7be3e65a-315b-4829-8e77-7ace4a104854,2026-06-02T20:51:08.134116Z,window-2000,ue-dialog-07-webapi-sdk,0,public-docs,new,"altinn-dialogporten,hard",complete,0,false,chunks+answer,true,,,,,,,1.0,1.0,1.0,1.0,true,2,true,2,true,"d6ed96a9e4492 R20.8 P2.6 h2.0 or1.7 L417 2/? ty:content+phrase b[0.0,0.0,0.0,0.4,0.0,0.0] | Integrating altinn apps","d15acdbec9ae3 R21.8 P2.6 h2.0 or1.2 L1064 0/? ty:content+phrase b[0.0,0.0,0.0,0.4,0.0,0.0] | Updating dialogs",2,hvordan kan jeg programmatisk opprette og oppdatere dialoger selv når den automatiske synkroniseringen ikke gir nok kontroll | oppdatering av dialoger | programmatisk tilgang til dialogporten | oppdatere dialoger selv | oppdatere dialoger | dialogoppdatering via abonnement,false,true,0,7,3,1,ad8dcba97a48;d71450987d15;129ee3713a9e;5cb40a25e6bc;68a9ae627a18;0e10d63157d4;a3a204e63333,68a9ae627a18;0e10d63157d4;a3a204e63333,68a9ae627a18,14824,6602,542,7144,0,3,3,"Når den automatiske synkroniseringen ikke gir nok kontroll, kan du bruke **Dialogporten WebAPI SDK** til å få **programmatisk tilgang** til Dialogporten, slik at applikasjonen din selv kan **opprette og oppdatere dialoger**. Dette gir også **finkornet håndtering av aktiviteter, forsendelser og synkronisering med Altinn Innboks**. [1]

For Altinn Apps finnes det også en **Dialogporten API-klient** som kan brukes for å ta **full kontroll over hvordan appen representeres i Dialogporten** og dermed i portaler som Altinn Innboks, men dokumentasjonen sier at **app template-integrasjonen er under utvikling**, og at app-utviklere foreløpig må bruke **Dialogporten API-klientens NuGet-pakke** direkte. [2][3]

Hvis du vil, kan jeg også oppsummere **hvilke felter du kan og ikke kan oppdatere** i en di…",
b60a6dde-9d13-439d-a6af-22eb00000b35,2026-06-02T20:51:21.179284Z,off,ue-dialog-07-webapi-sdk,1,public-docs,new,"altinn-dialogporten,hard",complete,0,false,chunks+answer,true,,,,,,,0.0,1.0,1.0,1.0,true,3,true,3,true,"d6ed96a9e4492 R21.3 P3.6 h3.0 or1.1 L417 2/? ty:content+metadata+phrase b[0.0,0.0,0.0,0.5,0.0,0.0] | Integrating altinn apps","d6ed96a9e4492 R22.2 P2.5 h2.0 or1.1 L637 0/? ty:content+phrase b[0.0,0.0,0.0,0.4,0.0,0.0] | Integrating altinn apps ;; dc7b0859d47e2 R21.7 P2.5 h2.0 or0.8 L649 0/? ty:content+phrase b[0.0,0.0,0.0,0.4,0.0,0.0] | Creating dialogs",1,hvordan kan jeg programmatisk opprette og oppdatere dialoger selv når den automatiske synkroniseringen ikke gir nok kontroll | oppdatering av dialoger | programmatisk tilgang til dialogporten | oppdatere dialoger selv | oppdatere dialoger | opprette dialoger,false,,0,8,2,1,41edad6b8b3e;ad8dcba97a48;e1bc9a4c65a7;02549d9974fa;129ee3713a9e;5cb40a25e6bc;d71450987d15;68a9ae627a18,02549d9974fa;68a9ae627a18,68a9ae627a18,12795,4749,528,5277,0,3,3,"Når den automatiske synkroniseringen ikke gir nok kontroll, kan du bruke **Dialogporten WebAPI SDK** for å få **programmatisk tilgang** til Dialogporten, slik at applikasjonen din selv kan **opprette og oppdatere dialoger**. Dette gir også **finkornet håndtering av aktiviteter, forsendelser og synkronisering med Altinn Innboks**. [2]

Hvis du trenger mer kontroll over oppdateringer, støtter Dialogporten også **optimistisk samtidighetshåndtering** med `ETag` og `If-Match` ved oppdatering av dialoger. [1]",
bfca08ec-2504-4665-a600-a8669d47cb98,2026-06-02T20:51:36.789992Z,window-2000,ue-dialog-07-webapi-sdk,1,public-docs,new,"altinn-dialogporten,hard",complete,0,false,chunks+answer,true,,,,,,,0.0,1.0,1.0,1.0,true,2,true,2,true,"d6ed96a9e4492 R20.8 P3.7 h3.0 or1.9 L417 2/? ty:content+metadata+phrase b[0.0,0.0,0.0,0.5,0.0,0.0] | Integrating altinn apps","d15acdbec9ae3 R21.8 P2.5 h2.0 or0.7 L1064 0/? ty:content+phrase b[0.0,0.0,0.0,0.4,0.0,0.0] | Updating dialogs",2,hvordan kan jeg programmatisk opprette og oppdatere dialoger selv når den automatiske synkroniseringen ikke gir nok kontroll | oppdatering av dialoger | programmatisk fikse opp i dette | oppdatere dialoger selv | deaktiver opprettelse av dialoger | programmatisk tilgang til dialogporten,false,true,0,6,2,1,d71450987d15;129ee3713a9e;5cb40a25e6bc;ad8dcba97a48;0e10d63157d4;68a9ae627a18,d71450987d15;68a9ae627a18,68a9ae627a18,14855,6645,527,7172,0,3,3,"Du kan bruke **Dialogporten WebAPI SDK** til å få programmatisk tilgang til Dialogporten, slik at applikasjonen din selv kan **opprette og oppdatere dialoger** når den automatiske synkroniseringen ikke gir nok kontroll. Dette gir også mer finkornet håndtering av **aktiviteter**, **forsendelser** og synkronisering med **Altinn Innboks**. [2]

Hvis du vil ha enda mer kontroll, beskriver dokumentasjonen også at tjenesteeiersystemer kan bruke **brukerdefinerte dialog- og forsendelses-ID-er** eller en **dedikert idempotensnøkkel** for å sikre at dialoger og forsendelser bare opprettes én gang. [1]",
f5c4ac1c-a9ab-4013-9a35-0133cd8a99ed,2026-06-02T20:51:51.505444Z,off,ue-dialog-07-webapi-sdk,2,public-docs,new,"altinn-dialogporten,hard",complete,0,false,chunks+answer,true,,,,,,,0.0,1.0,1.0,1.0,true,2,true,2,true,"d6ed96a9e4492 R21.3 P2.5 h2.0 or1.0 L417 2/? ty:content+phrase b[0.0,0.0,0.0,0.4,0.0,0.0] | Integrating altinn apps","d6ed96a9e4492 R22.2 P2.5 h2.0 or1.0 L637 0/? ty:content+phrase b[0.0,0.0,0.0,0.4,0.0,0.0] | Integrating altinn apps",2,hvordan kan jeg programmatisk opprette og oppdatere dialoger selv når den automatiske synkroniseringen ikke gir nok kontroll | oppdatere dialoger selv | oppdatering av dialoger | dialogoppdatering via abonnement | programmatisk tilgang til dialogporten | programmatisk fikse opp i dette,false,true,0,10,2,1,d71450987d15;025727e77e2a;e1bc9a4c65a7;6cf768b5a4ac;53a3ad221207;ad8dcba97a48;68a9ae627a18;129ee3713a9e;cc7efb9e2afd;02549d9974fa,68a9ae627a18;02549d9974fa,68a9ae627a18,14373,6605,513,7118,0,3,3,"Når den automatiske synkroniseringen ikke gir nok kontroll, kan du bruke **Dialogporten WebAPI SDK** til å få **programmatisk tilgang** til Dialogporten, slik at applikasjonen din selv kan **opprette og oppdatere dialoger**. Dette gir også mer finkornet håndtering av **aktiviteter, forsendelser og synkronisering med Altinn Innboks**. [1]

For oppdatering av dialoger bruker Dialogporten **optimistisk samtidighetshåndtering** basert på `ETag`-headeren, der `ETag`-verdien tilsvarer `revision`-feltet på dialogobjektet. Du skal sende `If-Match`-headeren med gjeldende `ETag` når du oppdaterer, slik at oppdateringen bare lykkes hvis dialogen ikke er endret siden du hentet den sist. [2]

Hvis du vil, kan jeg også vise et konkret eksempel på hvordan dette gjøres med WebAPI SDK og `If-Match`.",
1781138d-3ad0-4828-b0eb-ce9649ccd83a,2026-06-02T20:52:05.034195Z,window-2000,ue-dialog-07-webapi-sdk,2,public-docs,new,"altinn-dialogporten,hard",complete,0,false,chunks+answer,true,,,,,,,0.0,1.0,1.0,1.0,true,3,true,3,true,"d6ed96a9e4492 R21.3 P3.6 h3.0 or1.1 L417 2/? ty:content+metadata+phrase b[0.0,0.0,0.0,0.5,0.0,0.0] | Integrating altinn apps","d6ed96a9e4492 R22.2 P2.5 h2.0 or1.1 L637 0/? ty:content+phrase b[0.0,0.0,0.0,0.4,0.0,0.0] | Integrating altinn apps ;; d0db4032f7a24 R21.6 P2.5 h2.0 or1.0 L10293 1/? ty:content+phrase b[0.0,0.0,0.0,0.4,0.0,0.0] | Pdf",1,hvordan kan jeg programmatisk opprette og oppdatere dialoger selv når den automatiske synkroniseringen ikke gir nok kontroll | programmatisk tilgang til dialogporten | oppdatere dialoger selv | oppdatering av dialoger | dialogoppdatering via abonnement | oppdatere dialoger,false,,0,10,1,1,d71450987d15;6c94e52180f1;2fa5ccfcb74b;53a3ad221207;ad8dcba97a48;5cb40a25e6bc;68a9ae627a18;5dbe1fc0a4c1;129ee3713a9e;02549d9974fa,68a9ae627a18,68a9ae627a18,13270,4650,569,5219,0,3,3,"Du kan bruke **Dialogporten WebAPI SDK** til å få programmatisk tilgang til Dialogporten, slik at applikasjonen din selv kan **opprette og oppdatere dialoger** når den automatiske synkroniseringen ikke gir nok kontroll. [1]

Dette gir deg mer **finkornet håndtering av aktiviteter, forsendelser og synkronisering med Altinn Innboks**. [1]

Hvis du vil, kan jeg også vise hvordan dette henger sammen med **WebAPI SDK**, **ETag/If-Match** og oppdatering av dialoger.",
bce0a7bb-b74b-4000-9ec3-43c8f87b574a,2026-06-02T20:52:18.515363Z,off,ue-dialog-07-webapi-sdk,3,public-docs,new,"altinn-dialogporten,hard",complete,0,false,chunks+answer,true,,,,,,,0.0,1.0,1.0,1.0,true,2,true,2,true,"d6ed96a9e4492 R21.3 P3.6 h3.0 or1.1 L417 2/? ty:content+metadata+phrase b[0.0,0.0,0.0,0.5,0.0,0.0] | Integrating altinn apps","d6ed96a9e4492 R22.2 P2.5 h2.0 or1.1 L637 0/? ty:content+phrase b[0.0,0.0,0.0,0.4,0.0,0.0] | Integrating altinn apps",1,hvordan kan jeg programmatisk opprette og oppdatere dialoger selv når den automatiske synkroniseringen ikke gir nok kontroll | programmatisk tilgang til dialogporten | oppdatere dialoger selv | oppdatere dialoger | dialogoppdatering via abonnement | oppdatering av dialoger,false,,0,7,1,1,129ee3713a9e;5cb40a25e6bc;d71450987d15;ad8dcba97a48;02549d9974fa;0e10d63157d4;68a9ae627a18,68a9ae627a18,68a9ae627a18,13139,4773,482,5255,0,3,3,"Du kan bruke **Dialogporten WebAPI SDK** for å få programmatisk tilgang til Dialogporten, slik at applikasjonen din selv kan **opprette og oppdatere dialoger** når den automatiske synkroniseringen ikke gir nok kontroll. [1]

Dette er ment for scenarier som krever mer kontroll enn standardintegrasjonen, og gir deg finkornet håndtering av **aktiviteter**, **forsendelser** og synkronisering med **Altinn Innboks**. [1]

Hvis du vil, kan jeg også forklare forskjellen mellom den automatiske synkroniseringen og bruk av WebAPI SDK.",
2b1afb8b-96b5-45b4-ae45-e92ceefa935b,2026-06-02T20:52:31.531071Z,window-2000,ue-dialog-07-webapi-sdk,3,public-docs,new,"altinn-dialogporten,hard",complete,0,false,chunks+answer,true,,,,,,,0.0,1.0,1.0,1.0,true,3,true,3,true,"d6ed96a9e4492 R21.3 P3.6 h3.0 or1.1 L417 2/? ty:content+metadata+phrase b[0.0,0.0,0.0,0.5,0.0,0.0] | Integrating altinn apps","d6ed96a9e4492 R22.2 P2.5 h2.0 or1.1 L637 0/? ty:content+phrase b[0.0,0.0,0.0,0.4,0.0,0.0] | Integrating altinn apps ;; d0db4032f7a24 R21.6 P2.5 h2.0 or1.0 L10293 1/? ty:content+phrase b[0.0,0.0,0.0,0.4,0.0,0.0] | Pdf",1,hvordan kan jeg programmatisk opprette og oppdatere dialoger selv når den automatiske synkroniseringen ikke gir nok kontroll | programmatisk tilgang til dialogporten | oppdatere dialoger selv | oppdatere dialoger | dialogoppdatering via abonnement | oppdatering av dialoger | programmatic create update dialogs sync control | manual dialog update API subscription,false,,0,6,1,1,d71450987d15;129ee3713a9e;5cb40a25e6bc;02549d9974fa;ad8dcba97a48;68a9ae627a18,68a9ae627a18,68a9ae627a18,12671,4591,468,5059,0,3,3,"Du kan bruke **Dialogporten WebAPI SDK** til å få **programmatisk tilgang** til Dialogporten, slik at applikasjonen din selv kan **opprette og oppdatere dialoger** når den automatiske synkroniseringen ikke gir nok kontroll. [1]

Dette gir deg mer finmasket håndtering av **aktiviteter, forsendelser og synkronisering med Altinn Innboks**. [1]",
c9a9dceb-f27b-43fb-a8ff-db4cca03ebfa,2026-06-02T20:52:45.343431Z,off,ue-dialog-07-webapi-sdk,4,public-docs,new,"altinn-dialogporten,hard",complete,0,false,chunks+answer,true,,,,,,,0.0,0.0,0.0,0.0,true,4,true,4,false,"d6ed96a9e4492 R21.3 P3.6 h3.0 or1.1 L417 2/? ty:content+metadata+phrase b[0.0,0.0,0.0,0.5,0.0,0.0] | Integrating altinn apps","d6ed96a9e4492 R22.2 P2.5 h2.0 or1.0 L637 0/? ty:content+phrase b[0.0,0.0,0.0,0.4,0.0,0.0] | Integrating altinn apps ;; d10e66370a75f R21.7 P2.5 h2.0 or0.2 L984 1/? ty:content+metadata b[0.0,0.0,0.0,0.4,0.1,0.0] | Events ;; d2a7a456f5569 R21.6 P2.6 h2.0 or0.4 L1052 2/? ty:content+metadata b[0.0,0.0,0.0,0.4,0.1,0.0] | Dialogporten",1,hvordan kan jeg programmatisk opprette og oppdatere dialoger selv når den automatiske synkroniseringen ikke gir nok kontroll | oppdatere dialoger selv | oppdatering av dialoger | dialogoppdatering via abonnement | ikke automatisk blir synkronisert | programmatisk tilgang til dialogporten,false,,0,7,3,1,d71450987d15;129ee3713a9e;5cb40a25e6bc;02549d9974fa;ad8dcba97a48;75c1088910ab;e1bc9a4c65a7,d71450987d15;02549d9974fa;ad8dcba97a48,68a9ae627a18,13723,4734,478,5212,0,3,3,"Du kan gjøre dette programmatisk ved å bruke Dialogportens mekanismer for **idempotens** og **optimistisk samtidighetskontroll**. [1][2]

For å sikre at dialoger og forsendelser bare opprettes én gang, kan tjenesteeiersystemet enten:

- bruke **egendefinerte dialog- og forsendelses-ID-er** (UUIDv7, eventuelt deterministisk avledet fra interne identifikatorer), eller
- bruke en dedikert **idempotensnøkkel**. [1]

Hvis du trenger kontroll ved **oppdatering**, skal du bruke **ETag** og **If-Match**: `ETag`-verdien tilsvarer dialogens `revision`, og oppdateringen lykkes bare hvis dialogen ikke er endret siden du hentet den sist. [2]

Hvis du mener “automatisk synkronisering” mellom Dialogporten og tjenesteplattformen, er det også verdt å merke seg at de fleste feltene kan oppdateres etter oppr…",
fb654bf6-ad46-475b-8e4b-a03b4cc3c792,2026-06-02T20:52:59.963489Z,window-2000,ue-dialog-07-webapi-sdk,4,public-docs,new,"altinn-dialogporten,hard",complete,0,false,chunks+answer,true,,,,,,,0.0,1.0,1.0,1.0,true,1,true,1,true,"d6ed96a9e4492 R23.8 P3.6 h3.0 or1.1 L417 2/? ty:content+metadata+phrase b[0.0,0.0,0.0,0.5,0.0,0.0] | Integrating altinn apps",,2,oppdatere dialoger selv | oppdatering av dialoger | dialogoppdatering via abonnement | programmatisk tilgang til dialogporten | programmatisk fikse opp i dette | hvordan kan jeg programmatisk opprette og oppdatere dialoger selv når den automatiske synkroniseringen ikke gir nok kontroll,false,true,0,9,3,1,d71450987d15;7dbae6093209;76100eabae78;ad8dcba97a48;5cb40a25e6bc;68a9ae627a18;0e10d63157d4;129ee3713a9e;02549d9974fa,d71450987d15;68a9ae627a18;02549d9974fa,68a9ae627a18,14062,6505,518,7023,0,3,3,"Du kan bruke **Dialogporten WebAPI SDK** til å få programmatisk tilgang til Dialogporten, slik at applikasjonen din selv kan **opprette og oppdatere dialoger** når den automatiske synkroniseringen ikke gir nok kontroll. Dette gir også mulighet for mer finkornet håndtering av **aktiviteter, forsendelser og synkronisering med Altinn Innboks**. [2]

Hvis du vil ha enda mer kontroll, kan du også bruke de valgfrie mekanismene for å sikre at dialoger og forsendelser bare opprettes én gang: enten **brukerdefinerte dialog- og forsendelses-ID-er** eller en **dedikert idempotensnøkkel**. [1]

Ved oppdatering av dialoger bør du også bruke **optimistisk samtidighetshåndtering** med `ETag` og `If-Match` for å unngå å overskrive endringer som har skjedd siden sist du hentet dialogen. [3]",
bd931aa0-d2e1-4220-8d49-623cddcc0947,2026-06-02T20:53:14.870734Z,off,ue-authz-02-tilgangsliste-handlingsfilter,0,public-docs,new,"altinn-authorization,hard",complete,0,false,chunks+answer,true,,,,,,,1.0,1.0,1.0,1.0,true,2,true,2,true,"d71a2362d8513 R19.8 P3.6 h3.0 or0.8 L612 4/? ty:content+metadata+phrase b[0.0,0.0,0.0,0.5,0.1,0.0] | Manage accesslist api","d2a7a456f5569 R19.8 P1.5 h1.0 or0.7 L2658 8/? ty:content b[0.0,0.0,0.0,0.4,0.1,0.0] | Dialogporten",2,hvordan kan jeg begrense at én tilgangsliste bare gir lesetilgang mens en annen gir både lese- og skrivetilgang på samme ressurs | lesetilgang og skrivetilgang | tilgangslister i altinn studio | tilgangslister for ressurser i altinn ressursregister | begrense tilgangen til data | begrense tilgangen til spesifikke organisasjoner,false,true,0,8,1,1,1a5230c44562;8aebe6275968;65603208eee7;8507ec7e9431;92ccd3cd8025;f0a1f8f7134d;c0474358b2bb;9a3bb72cf426,92ccd3cd8025,92ccd3cd8025,14184,6696,488,7184,0,3,3,"Du kan bruke et **handlingsfilter** når du kobler en tilgangsliste til en ressurs. Da kan du begrense hvilke handlinger listen gir tilgang til, for eksempel at én liste bare får `read`, mens en annen får både `read` og `write` på samme ressurs [1].

Eksempel på oppdatering via API: [1]

```http
PUT /access-lists/{owner}/{identifier}/resource-connections/{resourceIdentifier}
```

```json
{
  ""actionFilters"": [""read"", ""write""]
}
```

Hvis du vil at en tilgangsliste bare skal gi lesetilgang, bruker du bare `[""read""]`; for lese- og skrivetilgang bruker du `[""read"", ""write""]` [1].  
Merk at handlingene må samsvare med handlingene i XACML-policyen [1].

Hvis du vil, kan jeg også vise et konkret eksempel med to ulike tilgangslister mot samme ressurs.",
164ff859-58df-4545-8173-ebee1a6c3efd,2026-06-02T20:53:30.535423Z,window-2000,ue-authz-02-tilgangsliste-handlingsfilter,0,public-docs,new,"altinn-authorization,hard",complete,0,false,chunks+answer,true,,,,,,,1.0,1.0,1.0,1.0,true,3,true,3,true,"d71a2362d8513 R19.8 P3.7 h3.0 or1.0 L612 4/? ty:content+metadata+phrase b[0.0,0.0,0.0,0.5,0.1,0.0] | Manage accesslist api","d1fc06ea1926e R20.3 P1.4 h1.0 or0.8 L1415 0/? ty:content b[0.0,0.0,0.0,0.4,0.0,0.0] | Attributes ;; d67fe7ac02e27 R20.0 P1.5 h1.0 or1.0 L3428 0/? ty:content b[0.0,0.0,0.0,0.4,0.0,0.0] | Write actions",2,hvordan kan jeg begrense at én tilgangsliste bare gir lesetilgang mens en annen gir både lese- og skrivetilgang på samme ressurs | lesetilgang og skrivetilgang | tilgangsliste tilordnes en ressurs | be om beslutning for både read og write for samme ressurs | ulike representasjoner av samme logiske ressurs | begrense tilgangen til spesifikke organisasjoner,false,true,0,5,1,1,92ccd3cd8025;a46f90022fde;903bb0f97c81;7dbae6093209;b45f9b2e6e7b,92ccd3cd8025,92ccd3cd8025,15461,6545,504,7049,0,3,3,"Du kan begrense dette ved å sette et **handlingsfilter** på hver tilgangsliste når den tilordnes ressursen. En tom eller null liste betyr at **alle handlinger er tillatt**, så for å skille mellom lesing og lesing+skriving må du eksplisitt angi handlingene i `actionFilters`. [1]

Eksempel:  
- tilgangsliste A: `[""read""]`  
- tilgangsliste B: `[""read"", ""write""]` [1]

Dette gjøres med:

```http
PUT /access-lists/{owner}/{identifier}/resource-connections/{resourceIdentifier}
```

med for eksempel:

```json
{
  ""actionFilters"": [""read"", ""write""]
}
```

for listen som skal ha både lese- og skrivetilgang. [1]

Hvis du vil at en annen liste bare skal ha lesetilgang, bruker du tilsvarende:

```json
{
  ""actionFilters"": [""read""]
}
```

Handlingene må samsvare med handlingene i XACML-policyen. [1]

M…",
d211b6c5-8d64-4d48-b446-2874e36b10cb,2026-06-02T20:53:43.280367Z,off,ue-authz-02-tilgangsliste-handlingsfilter,1,public-docs,new,"altinn-authorization,hard",complete,0,false,chunks+answer,true,,,,,,,1.0,1.0,1.0,1.0,true,2,true,2,true,"d71a2362d8513 R19.8 P3.7 h3.0 or1.0 L612 4/? ty:content+metadata+phrase b[0.0,0.0,0.0,0.5,0.1,0.0] | Manage accesslist api","d2a7a456f5569 R19.8 P1.5 h1.0 or0.7 L2658 8/? ty:content b[0.0,0.0,0.0,0.4,0.1,0.0] | Dialogporten",1,hvordan kan jeg begrense at én tilgangsliste bare gir lesetilgang mens en annen gir både lese- og skrivetilgang på samme ressurs | lesetilgang og skrivetilgang | tilgangslister | begrense tilgangen til spesifikke organisasjoner | tilgangslister for ressurser i altinn ressursregister | tilgangsliste tilordnes en ressurs,false,,0,5,1,1,92ccd3cd8025;8aebe6275968;8507ec7e9431;c0474358b2bb;50eed5dc7899,92ccd3cd8025,92ccd3cd8025,12286,4747,459,5206,0,3,3,"Du kan bruke et **handlingsfilter** når du tilordner tilgangslisten til ressursen, slik at ulike tilgangslister får ulike handlinger på samme ressurs [1].

- For tilgangslisten som bare skal ha lesetilgang, setter du `actionFilters` til `[""read""]` [1].
- For tilgangslisten som skal ha både lese- og skrivetilgang, setter du `actionFilters` til `[""read"", ""write""]` [1].

Eksempel på oppdatering av ressurskoblingen: [1]

```json
PUT /access-lists/{owner}/{identifier}/resource-connections/{resourceIdentifier}
{
  ""actionFilters"": [""read"", ""write""]
}
```

Hvis `actionFilters` er null eller tom, er alle handlinger tillatt [1]. Handlingene må også samsvare med handlingene i XACML-policyen [1].

Hvis du aktiverer RRR før du setter opp listen, vil tilgangen bli tapt for alle [1].",
0e35dc31-2733-4820-b92c-cbc9fec0210c,2026-06-02T20:53:56.703439Z,window-2000,ue-authz-02-tilgangsliste-handlingsfilter,1,public-docs,new,"altinn-authorization,hard",complete,0,false,chunks+answer,true,,,,,,,1.0,1.0,1.0,1.0,true,1,true,1,true,"d71a2362d8513 R20.4 P3.7 h3.0 or1.0 L612 4/? ty:content+metadata+phrase b[0.0,0.0,0.0,0.5,0.1,0.0] | Manage accesslist api",,1,begrense at én tilgangsliste bare gir lesetilgang mens en annen gir både lese- og skrivetilgang på samme ressurs | lesetilgang og skrivetilgang | be om beslutning for både read og write for samme ressurs | tilgangsliste tilordnes en ressurs | tilgangslister for ressurser i altinn ressursregister | tilgangsliste med utvalgte organisasjoner,false,,0,5,1,1,92ccd3cd8025;8aebe6275968;7544333b0619;8507ec7e9431;f0a1f8f7134d,92ccd3cd8025,92ccd3cd8025,12888,4784,503,5287,0,3,3,"Du kan bruke et **handlingsfilter** (`actionFilters`) når du tilordner tilgangslisten til ressursen, slik at ulike lister får ulike handlinger på samme ressurs [1].

Eksempel:
- Tilgangsliste A: bare lesetilgang → `[""read""]`
- Tilgangsliste B: lese- og skrivetilgang → `[""read"", ""write""]` [1]

Dette settes ved å oppdatere ressurskoblingen med `PUT /access-lists/{owner}/{identifier}/resource-connections/{resourceIdentifier}` og sende inn ønskede handlinger i `actionFilters` [1].

Eksempel fra kilden:
```json
{
  ""actionFilters"": [""read"", ""write""]
}
```
[1]

Merk at en **null eller tom liste** betyr at **alle handlinger er tillatt** [1]. Handlingene må også samsvare med handlingene i XACML-policyen [1].",
d31d78f3-1b90-47c7-bd22-81da925934f6,2026-06-02T20:54:11.751571Z,off,ue-authz-02-tilgangsliste-handlingsfilter,2,public-docs,new,"altinn-authorization,hard",complete,0,false,chunks+answer,true,,,,,,,1.0,1.0,1.0,1.0,true,2,true,2,true,"d71a2362d8513 R20.4 P3.7 h3.0 or1.3 L612 4/? ty:content+metadata+phrase b[0.0,0.0,0.0,0.5,0.1,0.0] | Manage accesslist api","d43df290718a2 R20.5 P2.5 h2.0 or0.4 L1627 9/? ty:content+phrase b[0.0,0.0,0.0,0.4,0.0,0.0] | Verger",2,begrense at én tilgangsliste bare gir lesetilgang mens en annen gir både lese- og skrivetilgang på samme ressurs | tilgangslister | lesetilgang og skrivetilgang | tilgangsliste tilordnes en ressurs | tilgangsliste med utvalgte organisasjoner | begrense tilgangen til spesifikke organisasjoner | read write accesslist same resource | accesslist read access write resource owner | tilgangsliste lese skrivetilgang samme ressurs | access groups read write permissions resource,false,false,0,4,1,1,92ccd3cd8025;8aebe6275968;8507ec7e9431;c0474358b2bb,92ccd3cd8025,92ccd3cd8025,15043,4870,517,5387,0,3,3,"Du kan bruke et **handlingsfilter** (`actionFilters`) når du kobler tilgangslisten til ressursen, slik at du begrenser hvilke handlinger listen får lov til å utføre på akkurat den ressursen. En tom eller null liste betyr at **alle handlinger er tillatt**, så for å skille mellom lesetilgang og lese-/skrivetilgang må du sette eksplisitte handlinger i filteret. Handlingene må samsvare med handlingene i XACML-policyen. [1]

Eksempel:
```json
PUT /access-lists/{owner}/{identifier}/resource-connections/{resourceIdentifier}
{
  ""actionFilters"": [""read"", ""write""]
}
```
[1]

Hvis du vil at én tilgangsliste bare skal ha lesetilgang, bruker du et filter med bare `read`. Hvis en annen skal ha både lese- og skrivetilgang, bruker du `read` og `write` i samme `actionFilters`. [1]

Det er litt viktig å væ…",
7eceed85-6d15-4987-ad25-8717b684a170,2026-06-02T20:54:24.977874Z,window-2000,ue-authz-02-tilgangsliste-handlingsfilter,2,public-docs,new,"altinn-authorization,hard",complete,0,false,chunks+answer,true,,,,,,,1.0,1.0,1.0,1.0,true,3,true,3,true,"d71a2362d8513 R19.8 P3.7 h3.0 or1.0 L612 4/? ty:content+metadata+phrase b[0.0,0.0,0.0,0.5,0.1,0.0] | Manage accesslist api","d1fc06ea1926e R20.3 P1.4 h1.0 or0.8 L1415 0/? ty:content b[0.0,0.0,0.0,0.4,0.0,0.0] | Attributes ;; d67fe7ac02e27 R20.0 P1.5 h1.0 or1.0 L3428 0/? ty:content b[0.0,0.0,0.0,0.4,0.0,0.0] | Write actions",1,hvordan kan jeg begrense at én tilgangsliste bare gir lesetilgang mens en annen gir både lese- og skrivetilgang på samme ressurs | lesetilgang og skrivetilgang | tilgangsliste tilordnes en ressurs,false,,0,6,1,1,92ccd3cd8025;a46f90022fde;7dbae6093209;f0a1f8f7134d;b45f9b2e6e7b;9a3bb72cf426,92ccd3cd8025,92ccd3cd8025,13224,4830,524,5354,0,3,3,"Du kan begrense dette ved å bruke **handlingsfilter** når du tilordner tilgangslisten til ressursen. Da kan én tilgangsliste settes opp med bare `read`, mens en annen får både `read` og `write` [1].

Eksempel på oppdatering av koblingen mellom tilgangsliste og ressurs:

```json
{
  ""actionFilters"": [""read"", ""write""]
}
```

Dette gjøres med `PUT /access-lists/{owner}/{identifier}/resource-connections/{resourceIdentifier}` [1].

Hvis du vil ha bare lesetilgang for én liste, bruker du tilsvarende et filter med kun `[""read""]` [1]. Med en null eller tom liste er alle handlinger tillatt, så da må du ikke la feltet være tomt hvis du vil begrense tilgangen [1].

Merk også at handlingene må samsvare med handlingene i XACML-policyen [1].",
c3acc0cc-ac5e-4a11-b06c-ff61fefeba5e,2026-06-02T20:54:39.437764Z,off,ue-authz-02-tilgangsliste-handlingsfilter,3,public-docs,new,"altinn-authorization,hard",complete,0,false,chunks+answer,true,,,,,,,1.0,1.0,1.0,1.0,true,1,true,1,true,"d71a2362d8513 R24.7 P3.7 h3.0 or1.5 L612 4/? ty:content+metadata+phrase b[0.0,0.0,0.0,0.5,0.1,0.0] | Manage accesslist api",,2,hvordan kan jeg begrense at én tilgangsliste bare gir lesetilgang mens en annen gir både lese- og skrivetilgang på samme ressurs | lesetilgang og skrivetilgang | be om beslutning for både read og write for samme ressurs | tilgangsliste tilordnes en ressurs | resource owner access list | access list to a resource,false,true,0,6,1,1,92ccd3cd8025;f0a1f8f7134d;b3fef93e9187;9a3bb72cf426;a46f90022fde;6a0f583996bb,92ccd3cd8025,92ccd3cd8025,14458,6507,490,6997,0,3,3,"Du kan bruke et **handlingsfilter** når du tilordner tilgangslisten til ressursen, slik at du begrenser hvilke handlinger den listen gir tilgang til [1].

For eksempel kan du sette:
- én tilgangsliste med bare `[""read""]` for lesetilgang
- en annen tilgangsliste med `[""read"", ""write""]` for både lese- og skrivetilgang [1]

Eksempel på oppdatering av ressurskoblingen:

```http
PUT /access-lists/{owner}/{identifier}/resource-connections/{resourceIdentifier}
```

```json
{
  ""actionFilters"": [""read"", ""write""]
}
```

Hvis du bruker en null eller tom liste, er alle handlinger tillatt [1]. Handlingene må også samsvare med handlingene i XACML-policyen [1].

Hvis du vil, kan jeg også vise et konkret eksempel med to separate tilgangslister og hvilke `actionFilters` hver av dem bør ha.",
37ef8b3a-b027-45c5-bb4c-4ec8209e3c82,2026-06-02T20:54:53.952956Z,window-2000,ue-authz-02-tilgangsliste-handlingsfilter,3,public-docs,new,"altinn-authorization,hard",complete,0,false,chunks+answer,true,,,,,,,1.0,1.0,1.0,1.0,true,1,true,1,true,"d71a2362d8513 R20.4 P3.6 h3.0 or0.9 L612 4/? ty:content+metadata+phrase b[0.0,0.0,0.0,0.5,0.1,0.0] | Manage accesslist api",,2,begrense at én tilgangsliste bare gir lesetilgang mens en annen gir både lese- og skrivetilgang på samme ressurs | lesetilgang og skrivetilgang | tilgangslister for ressurser i altinn ressursregister | read write accesslist resource permissions | tilgangsliste les skrive ressurs rettigheter | resource accesslist permissions read write,false,false,0,3,1,1,92ccd3cd8025;8aebe6275968;f0a1f8f7134d,92ccd3cd8025,92ccd3cd8025,14511,4882,468,5350,0,3,3,"Du kan bruke et **handlingsfilter** på tilgangslisten når du tilordner den til ressursen. Da kan du begrense hvilke handlinger en bestemt tilgangsliste får på samme ressurs [1].

Eksempelet i kilden viser at du kan sette `actionFilters` til for eksempel:

```json
{
  ""actionFilters"": [""read"", ""write""]
}
```

for en tilgangsliste som skal ha både lese- og skrivetilgang, mens en annen tilgangsliste kan settes opp med bare `[""read""]` for kun lesetilgang [1].

Oppdateringen gjøres med:

**PUT** `/access-lists/{owner}/{identifier}/resource-connections/{resourceIdentifier}` [1]

Viktig: En tom eller null `actionFilters` betyr at alle handlinger er tillatt, så hvis du vil begrense til bare lesing eller lesing og skriving, må du angi de ønskede handlingene eksplisitt [1].",
f7cb1be6-5564-4d4f-99cf-54cc3fc2b9ef,2026-06-02T20:55:11.998142Z,off,ue-authz-02-tilgangsliste-handlingsfilter,4,public-docs,new,"altinn-authorization,hard",complete,0,false,chunks+answer,true,,,,,,,1.0,1.0,1.0,1.0,true,2,true,2,true,"d71a2362d8513 R19.8 P3.7 h3.0 or1.0 L612 4/? ty:content+metadata+phrase b[0.0,0.0,0.0,0.5,0.1,0.0] | Manage accesslist api","d2a7a456f5569 R19.8 P1.5 h1.0 or0.7 L2658 8/? ty:content b[0.0,0.0,0.0,0.4,0.1,0.0] | Dialogporten",2,hvordan kan jeg begrense at én tilgangsliste bare gir lesetilgang mens en annen gir både lese- og skrivetilgang på samme ressurs | lesetilgang og skrivetilgang | tilgangsliste tilordnes en ressurs | be om beslutning for både read og write for samme ressurs | autorisasjon til å tillate bare én av gruppene | forespørsel til en annen part om enkeltrettigheter,false,true,0,6,1,1,92ccd3cd8025;5f5be8031fb0;b0911c305bef;4aae41abf0f5;2210573977cb;7544333b0619,92ccd3cd8025,92ccd3cd8025,17454,6659,499,7158,0,3,3,"Du kan bruke et **handlingsfilter** når du tilordner tilgangslisten til ressursen. Da kan du begrense hvilke handlinger hver tilgangsliste får på samme ressurs [1].

Eksempelet i kilden viser at du kan sette:

```json
{
  ""actionFilters"": [""read"", ""write""]
}
```

ved `PUT /access-lists/{owner}/{identifier}/resource-connections/{resourceIdentifier}` [1].

Hvis du vil at én tilgangsliste bare skal ha lesetilgang, og en annen skal ha både lese- og skrivetilgang, må du altså tilordne ressursen til to ulike tilgangslister med ulike `actionFilters` [1]. Kilden sier også at med en null eller tom liste er alle handlinger tillatt, så for å begrense til bare lesing må du ikke bruke tom liste der [1].

Merk at kilden ikke viser et eget eksempel for kun `[""read""]`, men den beskriver tydelig at handlin…",
cb976e6e-5fc5-4404-ba1b-870f488f4074,2026-06-02T20:55:35.200474Z,window-2000,ue-authz-02-tilgangsliste-handlingsfilter,4,public-docs,new,"altinn-authorization,hard",complete,0,false,chunks+answer,true,,,,,,,1.0,1.0,1.0,1.0,true,3,true,3,true,"d71a2362d8513 R19.8 P3.7 h3.0 or1.0 L612 4/? ty:content+metadata+phrase b[0.0,0.0,0.0,0.5,0.1,0.0] | Manage accesslist api","d1fc06ea1926e R20.3 P1.4 h1.0 or0.8 L1415 0/? ty:content b[0.0,0.0,0.0,0.4,0.0,0.0] | Attributes ;; d67fe7ac02e27 R20.0 P1.5 h1.0 or1.0 L3428 0/? ty:content b[0.0,0.0,0.0,0.4,0.0,0.0] | Write actions",2,hvordan kan jeg begrense at én tilgangsliste bare gir lesetilgang mens en annen gir både lese- og skrivetilgang på samme ressurs | lesetilgang og skrivetilgang | tilgangsliste tilordnes en ressurs | be om beslutning for både read og write for samme ressurs | ulike representasjoner av samme logiske ressurs | begrense tilgangen til spesifikke organisasjoner,false,true,0,6,1,1,b45f9b2e6e7b;a46f90022fde;92ccd3cd8025;5f5be8031fb0;11f5ed317a5a;d741c823dd40,92ccd3cd8025,92ccd3cd8025,22948,6565,568,7133,1152,3,3,"Du kan bruke et **handlingsfilter** når du tilordner tilgangslisten til ressursen. Da kan du begrense hvilke handlinger listen gir tilgang til. [1]

Eksempelet i kilden viser at du kan sette:

```json
{
  ""actionFilters"": [""read"", ""write""]
}
```

for en tilgangsliste som skal gi både lese- og skrivetilgang, mens en annen tilgangsliste kan settes opp med bare `[""read""]` for kun lesetilgang. [1]

Kilden sier også at med en null eller tom liste er **alle handlinger tillatt**, så hvis du vil begrense til bare lesing eller lesing + skriving, må du eksplisitt angi de relevante handlingene i `actionFilters`. [1]

Hvis du vil, kan jeg også forklare hvordan dette henger sammen med XACML-policyen og `resource-connections`.",
d561fc63-5585-4441-8a22-bd9373dd61d2,2026-06-02T20:56:01.222970Z,off,ue-authz-04-opprette-tilgangsliste-medlemmer,0,public-docs,new,"altinn-authorization,hard",complete,0,false,chunks+answer,true,,,,,,,1.0,1.0,1.0,1.0,true,1,true,1,true,"d71a2362d8513 R21.6 P1.2 h1.0 or0.2 L567 3/? ty:metadata b[0.0,0.0,0.0,0.1,0.1,0.0] | Manage accesslist api",,2,opprett ny tilgangsliste | tilgangsliste via api | administrere tilgangslister via api | legg til organisasjoner som medlemmer i listen din | tilgangslisteadministrasjon i api | hvordan oppretter jeg en ny tilgangsliste og legger til organisasjoner som medlemmer via api-et,false,true,0,5,1,1,c95081d798ce;92ccd3cd8025;8aebe6275968;8507ec7e9431;f5cb44b1f0fd,c95081d798ce,c95081d798ce,25887,6714,463,7177,0,3,3,"Du oppretter først selve tilgangslisten med **PUT** `/access-lists/{owner}/{identifier}` der `owner` er organisasjonskoden og `identifier` er en valgt ID for listen. Du kan sende inn for eksempel navn og beskrivelse i payloaden. [1]

Eksempel:

```http
PUT /access-lists/{owner}/{identifier}
Content-Type: application/json

{
  ""name"": ""Godkjente banker"",
  ""description"": ""Denne listen inneholder godkjente banker i henhold til regel 123""
}
```

Deretter legger du til organisasjoner som medlemmer ved å poste til **POST** `/access-lists/{owner}/{identifier}/members`. Medlemmet kan identifiseres med én ID, og bare én ID kan gis per medlem. [1]

Eksempel:

```http
POST /access-lists/{owner}/{identifier}/members
Content-Type: application/json

{
  ""data"": [""urn:altinn:organization:identifier-no:1…",
805bea1f-4297-404f-85f9-33ec4e793ebd,2026-06-02T20:56:32.292117Z,window-2000,ue-authz-04-opprette-tilgangsliste-medlemmer,0,public-docs,new,"altinn-authorization,hard",complete,0,false,chunks+answer,true,,,,,,,0.0,1.0,1.0,1.0,true,5,true,5,true,"d71a2362d8513 R21.8 P1.2 h1.0 or0.1 L567 3/? ty:metadata b[0.0,0.0,0.0,0.1,0.1,0.0] | Manage accesslist api","dfec75743093f R22.4 P1.5 h1.0 or1.0 L22286 1/? ty:content b[0.0,0.0,0.0,0.4,0.0,0.0] | Payment ;; d3dfefbadf28d R22.1 P1.5 h1.0 or0.6 L771 3/? ty:content b[0.0,0.0,0.0,0.4,0.1,0.0] | Common steps ;; d7bb535ae7cc2 R21.9 P2.5 h2.0 or0.8 L1051 1/? ty:content+phrase b[0.0,0.0,0.0,0.4,0.0,0.0] | Manage accesslists resource admin ;; d922328f05991 R21.8 P1.5 h1.0 or0.7 L4704 4/? ty:content b[0.0,0.0,0.0,0.4,0.0,0.0] | App a",2,hvordan oppretter jeg en ny tilgangsliste og legger til organisasjoner som medlemmer via api-et | opprett ny tilgangsliste | tilgangsliste via api | administrere tilgangslister via api | tilgangslisteadministrasjon i api | legg til organisasjoner som medlemmer i listen din,false,true,0,8,2,1,1a5230c44562;8aebe6275968;f256f4263132;65603208eee7;8507ec7e9431;fe2315eff838;c95081d798ce;92ccd3cd8025,fe2315eff838;c95081d798ce,c95081d798ce,30640,12647,553,13200,4736,4,3,"Du oppretter en ny tilgangsliste ved å bruke **PUT**-kallet ` /access-lists/{owner}/{identifier} `, der `owner` er organisasjonskoden og `identifier` er en valgt ID for listen. Et eksempel på payload er: [2]

```json
{
  ""name"": ""Godkjente banker"",
  ""description"": ""Denne listen inneholder godkjente banker i henhold til regel 123""
}
```

Deretter legger du til organisasjoner som medlemmer ved å poste til ` /access-lists/{owner}/{identifier}/members ` med et medlem. Medlemmet kan identifiseres med ulike ID-er, men bare én av dem skal gis. Et eksempel er: [2]

```json
{
  ""data"": [""urn:altinn:organization:identifier-no:123456789""]
}
```

For å bruke API-et må klienten være definert i Maskinporten med scopene `altinn:resourceregistry/accesslist.read`, `altinn:resourceregistry/accesslist.write…",
3e88e50e-cad7-481d-b4e0-eeb861477a54,2026-06-02T20:56:51.361467Z,off,ue-authz-04-opprette-tilgangsliste-medlemmer,1,public-docs,new,"altinn-authorization,hard",complete,0,false,chunks+answer,true,,,,,,,1.0,1.0,1.0,1.0,true,1,true,1,true,"d71a2362d8513 R21.6 P1.2 h1.0 or0.2 L567 3/? ty:metadata b[0.0,0.0,0.0,0.1,0.1,0.0] | Manage accesslist api",,2,opprett ny tilgangsliste | tilgangsliste via api | administrere tilgangslister via api | legg til organisasjoner som medlemmer i listen din | tilgangslisteadministrasjon i api | access list organizations members api,false,true,0,5,1,1,c95081d798ce;92ccd3cd8025;8aebe6275968;f5cb44b1f0fd;8507ec7e9431,c95081d798ce,c95081d798ce,18828,6631,440,7071,0,3,3,"Du oppretter først selve tilgangslisten med **PUT** `/access-lists/{owner}/{identifier}` der `owner` er organisasjonskoden og `identifier` er en valgt ID for listen. [1]

Eksempel på payload: [1]

```json
{
  ""name"": ""Godkjente banker"",
  ""description"": ""Denne listen inneholder godkjente banker i henhold til regel 123""
}
```

Deretter legger du til organisasjoner som medlemmer ved å poste til **POST** `/access-lists/{owner}/{identifier}/members` med ett medlem om gangen. Medlemmet kan identifiseres med ulike ID-er, men bare én ID kan sendes per medlem. [1]

Eksempel på payload: [1]

```json
{
  ""data"": [""urn:altinn:organization:identifier-no:123456789""]
}
```

Kort oppsummert:  
1. Opprett tilgangslisten med `PUT /access-lists/{owner}/{identifier}`. [1]  
2. Legg til organisasjoner som med…",
ffad0bd1-4fed-49f3-8803-863f3a3cfa2a,2026-06-02T20:57:04.643071Z,window-2000,ue-authz-04-opprette-tilgangsliste-medlemmer,1,public-docs,new,"altinn-authorization,hard",complete,0,false,chunks+answer,true,,,,,,,1.0,1.0,1.0,1.0,true,3,true,3,true,"d71a2362d8513 R21.8 P2.3 h2.0 or0.2 L567 3/? ty:metadata+phrase b[0.0,0.0,0.0,0.1,0.1,0.0] | Manage accesslist api","dfec75743093f R22.4 P2.5 h2.0 or1.1 L22286 1/? ty:content+phrase b[0.0,0.0,0.0,0.4,0.0,0.0] | Payment ;; d7bb535ae7cc2 R21.9 P2.5 h2.0 or0.8 L1051 1/? ty:content+phrase b[0.0,0.0,0.0,0.4,0.0,0.0] | Manage accesslists resource admin",1,hvordan oppretter jeg en ny tilgangsliste og legger til organisasjoner som medlemmer via api-et | opprett ny tilgangsliste | tilgangsliste via api | tilgangslisteadministrasjon i api | administrere tilgangslister via api | legg til organisasjoner som medlemmer i listen din,false,,0,7,2,1,c95081d798ce;8aebe6275968;8507ec7e9431;f5cb44b1f0fd;1a5230c44562;fe2315eff838;92ccd3cd8025,c95081d798ce;fe2315eff838,c95081d798ce,13273,4695,457,5152,0,3,3,"For å opprette en ny tilgangsliste via API-et bruker du **PUT** på `/access-lists/{owner}/{identifier}`. Her er `owner` organisasjonskoden, og `identifier` er en valgt ID for listen. [1]

Eksempel på payload for å opprette listen: [1]

```json
{
  ""name"": ""Godkjente banker"",
  ""description"": ""Denne listen inneholder godkjente banker i henhold til regel 123""
}
```

Når listen er opprettet, legger du til organisasjoner som medlemmer ved å sende **POST** til `/access-lists/{owner}/{identifier}/members` med ett medlem i payloaden. Medlemmet kan identifiseres med forskjellige ID-er, men bare én av dem kan gis. [1]

Eksempel: [1]

```json
{
  ""data"": [""urn:altinn:organization:identifier-no:123456789""]
}
```

Kort sagt:  
1. Opprett listen med `PUT /access-lists/{owner}/{identifier}`. [1]  
2. Le…",
18e9b008-12e1-42fb-891c-71924bc17c9d,2026-06-02T20:57:18.343492Z,off,ue-authz-04-opprette-tilgangsliste-medlemmer,2,public-docs,new,"altinn-authorization,hard",complete,0,false,chunks+answer,true,,,,,,,1.0,1.0,1.0,1.0,true,1,true,1,true,"d71a2362d8513 R21.8 P2.3 h2.0 or0.2 L567 3/? ty:metadata+phrase b[0.0,0.0,0.0,0.1,0.1,0.0] | Manage accesslist api",,2,hvordan oppretter jeg en ny tilgangsliste og legger til organisasjoner som medlemmer via api-et | opprett ny tilgangsliste | tilgangsliste via api | tilgangslisteadministrasjon i api | administrere tilgangslister via api | legg til organisasjoner som medlemmer i listen din | accesslist members organizations api | add organization as member access list api | organization member access list | memberships access list organization,false,false,0,4,1,1,8aebe6275968;c95081d798ce;8507ec7e9431;f5cb44b1f0fd,c95081d798ce,c95081d798ce,13571,4688,431,5119,0,3,3,"Du oppretter en ny tilgangsliste ved å sende en **PUT**-forespørsel til:

`/access-lists/{owner}/{identifier}`

der **owner** er organisasjonskoden, og **identifier** er en valgt ID for listen. [1]

Eksempel på payload for å opprette listen: [1]

```json
{
  ""name"": ""Godkjente banker"",
  ""description"": ""Denne listen inneholder godkjente banker i henhold til regel 123""
}
```

Når listen er opprettet, legger du til organisasjoner som medlemmer ved å sende en **POST**-forespørsel til:

`/access-lists/{owner}/{identifier}/members` [1]

Eksempel på medlemspayload: [1]

```json
{
  ""data"": [""urn:altinn:organization:identifier-no:123456789""]
}
```

Merk at et medlem kan identifiseres med forskjellige ID-er, men bare én ID kan gis per medlem. [1]",
801b8964-39f6-47d8-a95d-665f0c95a4ea,2026-06-02T20:57:30.789933Z,window-2000,ue-authz-04-opprette-tilgangsliste-medlemmer,2,public-docs,new,"altinn-authorization,hard",complete,0,false,chunks+answer,true,,,,,,,1.0,1.0,1.0,1.0,true,2,true,2,true,"d71a2362d8513 R22.3 P3.8 h3.0 or1.3 L567 3/? ty:content+metadata+phrase b[0.0,0.0,0.0,0.5,0.1,0.0] | Manage accesslist api","d7bb535ae7cc2 R22.6 P2.5 h2.0 or1.0 L1051 1/? ty:content+phrase b[0.0,0.0,0.0,0.4,0.0,0.0] | Manage accesslists resource admin",1,oppretter jeg en ny tilgangsliste og legger til organisasjoner som medlemmer via api-et | opprett ny tilgangsliste | tilgangsliste via api | administrere tilgangslister via api | legg til organisasjoner som medlemmer i listen din | legge til medlemmer i listen,false,,0,5,1,1,c95081d798ce;8507ec7e9431;f5cb44b1f0fd;7eb864009b78;f0a1f8f7134d,c95081d798ce,c95081d798ce,12204,4608,441,5049,0,3,3,"Du oppretter først selve tilgangslisten med **PUT** på ` /access-lists/{owner}/{identifier}` , der `owner` er organisasjonskoden og `identifier` er en valgt ID for listen. [1]

Eksempel på payload for å opprette listen: [1]

```json
{
  ""name"": ""Godkjente banker"",
  ""description"": ""Denne listen inneholder godkjente banker i henhold til regel 123""
}
```

Deretter legger du til organisasjoner som medlemmer ved å sende **POST** til ` /access-lists/{owner}/{identifier}/members` med medlemmet i `data`. [1]

Eksempel: [1]

```json
{
  ""data"": [""urn:altinn:organization:identifier-no:123456789""]
}
```

Det står at medlemmet kan identifiseres med forskjellige ID-er, men at **bare én** kan gis per medlem. [1]

Hvis du vil, kan jeg også vise dette som et komplett cURL-eksempel.",
b3b49386-1d1e-4e66-bd0d-ffa423156be9,2026-06-02T20:57:44.258779Z,off,ue-authz-04-opprette-tilgangsliste-medlemmer,3,public-docs,new,"altinn-authorization,hard",complete,0,false,chunks+answer,true,,,,,,,1.0,1.0,1.0,1.0,true,1,true,1,true,"d71a2362d8513 R21.8 P2.3 h2.0 or0.2 L567 3/? ty:metadata+phrase b[0.0,0.0,0.0,0.1,0.1,0.0] | Manage accesslist api",,1,hvordan oppretter jeg en ny tilgangsliste og legger til organisasjoner som medlemmer via api-et | opprett ny tilgangsliste | tilgangsliste via api | administrere tilgangslister via api | tilgangslisteadministrasjon i api | legg til organisasjoner som medlemmer i listen din,false,,0,4,1,1,8aebe6275968;c95081d798ce;8507ec7e9431;f5cb44b1f0fd,c95081d798ce,c95081d798ce,13060,4681,381,5062,0,3,3,"Du oppretter en ny tilgangsliste ved å sende en **PUT**-forespørsel til:

`/access-lists/{owner}/{identifier}`

der **owner** er organisasjonskoden og **identifier** er en valgt ID for listen. [1]

Eksempel på payload for å opprette listen: [1]

```json
{
  ""name"": ""Godkjente banker"",
  ""description"": ""Denne listen inneholder godkjente banker i henhold til regel 123""
}
```

Når listen er opprettet, legger du til organisasjoner som medlemmer ved å sende en **POST**-forespørsel til:

`/access-lists/{owner}/{identifier}/members` [1]

Et medlem kan identifiseres med ulike ID-er, men bare én ID skal gis per medlem. Et eksempel er: [1]

```json
{
  ""data"": [""urn:altinn:organization:identifier-no:123456789""]
}
```

Kort sagt: først oppretter du listen med **PUT** på `/access-lists/{owner}/{identi…",
95ba03b1-333d-4b5c-9a5c-0dd75f67e1b7,2026-06-02T20:57:59.471773Z,window-2000,ue-authz-04-opprette-tilgangsliste-medlemmer,3,public-docs,new,"altinn-authorization,hard",complete,0,false,chunks+answer,true,,,,,,,1.0,1.0,1.0,1.0,true,5,true,5,true,"d71a2362d8513 R21.8 P1.2 h1.0 or0.1 L567 3/? ty:metadata b[0.0,0.0,0.0,0.1,0.1,0.0] | Manage accesslist api","dfec75743093f R22.4 P1.5 h1.0 or1.0 L22286 1/? ty:content b[0.0,0.0,0.0,0.4,0.0,0.0] | Payment ;; d3dfefbadf28d R22.1 P1.5 h1.0 or0.6 L771 3/? ty:content b[0.0,0.0,0.0,0.4,0.1,0.0] | Common steps ;; d7bb535ae7cc2 R21.9 P2.5 h2.0 or0.8 L1051 1/? ty:content+phrase b[0.0,0.0,0.0,0.4,0.0,0.0] | Manage accesslists resource admin ;; d922328f05991 R21.8 P1.5 h1.0 or0.7 L4704 4/? ty:content b[0.0,0.0,0.0,0.4,0.0,0.0] | App a",2,hvordan oppretter jeg en ny tilgangsliste og legger til organisasjoner som medlemmer via api-et | opprett ny tilgangsliste | tilgangsliste via api | legg til organisasjoner som medlemmer i listen din | legge til medlemmer i listen | tilgangsliste med utvalgte organisasjoner,false,true,0,4,2,1,c95081d798ce;f5cb44b1f0fd;8507ec7e9431;829b010fc712,c95081d798ce;f5cb44b1f0fd,c95081d798ce,14987,6718,463,7181,0,3,3,"Du oppretter først tilgangslisten med **PUT** til `/access-lists/{owner}/{identifier}` der `owner` er organisasjonskoden og `identifier` er en valgt ID for listen. [1]

Eksempel på payload for å opprette listen: [1]

```json
{
  ""name"": ""Godkjente banker"",
  ""description"": ""Denne listen inneholder godkjente banker i henhold til regel 123""
}
```

Deretter legger du til organisasjoner som medlemmer ved å sende **POST** til `/access-lists/{owner}/{identifier}/members` med ett medlem i request body. [1]

Eksempel på medlem: [1]

```json
{
  ""data"": [""urn:altinn:organization:identifier-no:123456789""]
}
```

Det er også oppgitt at medlemmet kan identifiseres med forskjellige ID-er, men bare én kan gis om gangen. [1]

Hvis du vil bruke listen for en ressurs, må du aktivere **RRR** for ressursen o…",
c620e781-e6ac-4bbb-a6d7-e72e6d009389,2026-06-02T20:58:12.863039Z,off,ue-authz-04-opprette-tilgangsliste-medlemmer,4,public-docs,new,"altinn-authorization,hard",complete,0,false,chunks+answer,true,,,,,,,1.0,1.0,1.0,1.0,true,2,true,2,true,"d71a2362d8513 R21.8 P3.8 h3.0 or1.2 L567 3/? ty:content+metadata+phrase b[0.0,0.0,0.0,0.5,0.1,0.0] | Manage accesslist api","d3dfefbadf28d R22.1 P1.5 h1.0 or0.6 L771 3/? ty:content b[0.0,0.0,0.0,0.4,0.1,0.0] | Common steps",1,hvordan oppretter jeg en ny tilgangsliste og legger til organisasjoner som medlemmer via api-et | opprett ny tilgangsliste | tilgangsliste via api | legg til organisasjoner som medlemmer i listen din | legge til medlemmer i listen | tilgangsliste med utvalgte organisasjoner,false,,0,4,3,1,c95081d798ce;8507ec7e9431;f5cb44b1f0fd;77cef54bc0ff,c95081d798ce;8507ec7e9431;f5cb44b1f0fd,c95081d798ce,13127,4674,397,5071,0,3,3,"Du oppretter en ny tilgangsliste ved å bruke **PUT**-kallet ` /access-lists/{owner}/{identifier}` , der `owner` er organisasjonskoden og `identifier` er en valgt ID for listen. [1]

Eksempel på payload for å opprette listen: [1]

```json
{
  ""name"": ""Godkjente banker"",
  ""description"": ""Denne listen inneholder godkjente banker i henhold til regel 123""
}
```

Når listen er opprettet, legger du til organisasjoner som medlemmer ved å poste til ` /access-lists/{owner}/{identifier}/members` med et medlem. [1]

Eksempel på medlem: [1]

```json
{
  ""data"": [""urn:altinn:organization:identifier-no:123456789""]
}
```

Merk at medlemmet kan identifiseres med forskjellige ID-er, men bare én kan gis om gangen. [1]

Hvis du vil gjøre dette i GUI i stedet for via API, beskrives også at du kan opprette lis…",
b408626c-bb39-4336-ae2e-7b55904cb7f1,2026-06-02T20:58:26.165300Z,window-2000,ue-authz-04-opprette-tilgangsliste-medlemmer,4,public-docs,new,"altinn-authorization,hard",complete,0,false,chunks+answer,true,,,,,,,1.0,1.0,1.0,1.0,true,3,true,3,true,"d71a2362d8513 R21.8 P2.3 h2.0 or0.2 L567 3/? ty:metadata+phrase b[0.0,0.0,0.0,0.1,0.1,0.0] | Manage accesslist api","dfec75743093f R22.4 P2.5 h2.0 or1.1 L22286 1/? ty:content+phrase b[0.0,0.0,0.0,0.4,0.0,0.0] | Payment ;; d7bb535ae7cc2 R21.9 P2.5 h2.0 or0.8 L1051 1/? ty:content+phrase b[0.0,0.0,0.0,0.4,0.0,0.0] | Manage accesslists resource admin",1,hvordan oppretter jeg en ny tilgangsliste og legger til organisasjoner som medlemmer via api-et | opprett ny tilgangsliste | tilgangsliste via api | administrere tilgangslister via api | tilgangslisteadministrasjon i api | legg til organisasjoner som medlemmer i listen din,false,,0,4,1,1,c95081d798ce;8aebe6275968;8507ec7e9431;f5cb44b1f0fd,c95081d798ce,c95081d798ce,13235,4654,411,5065,0,3,3,"Du oppretter først selve tilgangslisten med **PUT** til `/access-lists/{owner}/{identifier}` der `owner` er organisasjonskoden og `identifier` er en valgt ID for listen. Eksempel på payload: `name` og `description`. [1]

Deretter legger du til organisasjoner som medlemmer ved å sende **POST** til `/access-lists/{owner}/{identifier}/members` med ett medlem i `data`-feltet. Medlemmet kan identifiseres med ulike ID-er, men bare én ID skal gis. [1]

Eksempel:

```http
PUT /access-lists/{owner}/{identifier}
Content-Type: application/json

{
  ""name"": ""Godkjente banker"",
  ""description"": ""Denne listen inneholder godkjente banker i henhold til regel 123""
}
```

```http
POST /access-lists/{owner}/{identifier}/members
Content-Type: application/json

{
  ""data"": [""urn:altinn:organization:identifier-…",
7ab86f3e-b09a-4082-891c-dc33619243c6,2026-06-02T20:58:39.630378Z,off,ue-sys-01-leverandorstyrt-og-forhold,0,public-docs,new,"altinn-systemuser,hard",complete,0,false,chunks+answer,true,,,,,,,1.0,1.0,1.0,1.0,true,1,true,1,true,"d3ec63e860edb R22.8 P2.6 h2.0 or1.0 L683 3/? ty:content+phrase b[0.0,0.0,0.0,0.4,0.1,0.0] | System user",,1,kan kunden godkjenne bare noen av tilganger i en systembruker-forespørsel | godkjenne eller avslå systembrukerforespørsler | godkjennes tilgangene direkte | godkjenning av en systembrukerforespørsel | godkjenne at systemet får tilgang til bestemte tjenester | godkjenne tilgang direkte i altinn,false,,0,6,1,1,23a4cf26e313;fa145325016c;0e2400bef6e5;16049c347d69;2bdacefbb352;fce5267c66c9,16049c347d69,16049c347d69,12998,4873,501,5374,0,3,3,"Nei, ikke hvis det gjelder en forespørsel om systembruker for eget system der leverandøren ber om flere tilganger. Forespørselen bygger på et «OG-forhold», som betyr at sluttbrukeren må ha myndighet til å delegere **samtlige** forespurte tilganger for at den skal kunne godkjennes i sin helhet [1]. Hvis brukeren mangler myndighet for bare én av tilgangene, kan forespørselen ikke godkjennes [1].

Det betyr at kunden ikke kan godkjenne bare noen av dem; enten godkjennes hele forespørselen, eller så kan den ikke godkjennes [1].",
8612a53d-28d8-41d6-9e55-c7fe869c74bc,2026-06-02T20:58:52.401782Z,window-2000,ue-sys-01-leverandorstyrt-og-forhold,0,public-docs,new,"altinn-systemuser,hard",complete,0,false,chunks+answer,true,,,,,,,1.0,1.0,1.0,1.0,true,4,true,4,true,"d3ec63e860edb R22.3 P3.7 h3.0 or0.9 L683 3/? ty:content+metadata+phrase b[0.0,0.0,0.0,0.5,0.1,0.0] | System user","d516f1b421108 R23.3 P1.4 h1.0 or0.9 L965 8/? ty:content b[0.0,0.0,0.0,0.4,0.0,0.0] | Userscenarios ;; d5ab710528b66 R22.7 P2.5 h2.0 or1.0 L1799 2/? ty:content+phrase b[0.0,0.0,0.0,0.4,0.0,0.0] | Setupguidance ;; d516f1b421108 R22.5 P3.7 h3.0 or1.0 L919 12/? ty:content+metadata+phrase b[0.0,0.0,0.0,0.5,0.1,0.0] | Userscenarios",1,systembruker forespørsel flere tilganger kunden godkjenne bare noen av dem systemleverandøren tilgang godkjenning delvis | godkjenne eller avslå systembrukerforespørsler | forespørsel om systembruker | godkjennes tilgangene direkte | godkjenne tilgang direkte i altinn | godkjenne at systemet får tilgang til bestemte tjenester,false,,0,7,1,1,23a4cf26e313;7b900a32387a;bcaa34662659;16049c347d69;fa145325016c;0e2400bef6e5;2bdacefbb352,16049c347d69,16049c347d69,12492,4704,509,5213,0,3,3,"Nei, ikke hvis det gjelder en leverandørstyrt forespørsel om systembruker for eget system. Kilden sier at dette er et «OG-forhold», som betyr at sluttbrukeren må ha myndighet til å delegere **samtlige** tilganger som leverandøren ber om; hvis brukeren mangler myndighet for bare én av tilgangene, kan forespørselen ikke godkjennes i sin helhet [1].  

Det betyr at kunden ikke kan godkjenne bare noen av tilgangerne og avvise resten i samme forespørsel [1].",
14098656-abed-466d-8fc0-00912a4cc6fc,2026-06-02T20:59:05.433282Z,off,ue-sys-01-leverandorstyrt-og-forhold,1,public-docs,new,"altinn-systemuser,hard",complete,0,false,chunks+answer,true,,,,,,,1.0,1.0,1.0,1.0,true,1,true,1,true,"d3ec63e860edb R22.8 P2.7 h2.0 or1.4 L683 3/? ty:content+phrase b[0.0,0.0,0.0,0.4,0.1,0.0] | System user",,1,kan kunden godkjenne bare noen av tilganger i en systembruker-forespørsel | forespørsel om systembruker godkjenne eller avslå systembrukerforespørsler | godkjenne tilgang direkte i altinn | godkjenne at systemet får tilgang til bestemte tjenester | tilganger systembrukeren trenger | nye ønskede tilganger,false,,0,6,2,1,23a4cf26e313;e7d3339b3277;fa145325016c;16049c347d69;0e2400bef6e5;bcaa34662659,23a4cf26e313;16049c347d69,16049c347d69,12735,5011,528,5539,0,3,3,"Nei. Ved leverandørstyrt opprettelse er det et **“OG-forhold”**, som betyr at sluttbrukeren må ha myndighet til å delegere **samtlige** tilganger som er forespurt; hvis brukeren mangler myndighet for bare én av tilgangene, kan forespørselen ikke godkjennes i sin helhet. [2]

For systembruker for eget system står det også at sluttbrukeren må godkjenne forespørselen om systembruker, og at forespørselen da får status `Accepted`. [1]",
d1c9910e-8730-44c0-9a5d-186f30dd78e7,2026-06-02T20:59:18.880637Z,window-2000,ue-sys-01-leverandorstyrt-og-forhold,1,public-docs,new,"altinn-systemuser,hard",complete,0,false,chunks+answer,true,,,,,,,1.0,1.0,1.0,1.0,true,4,true,4,true,"d3ec63e860edb R22.3 P3.7 h3.0 or1.0 L683 3/? ty:content+metadata+phrase b[0.0,0.0,0.0,0.5,0.1,0.0] | System user","d516f1b421108 R23.3 P1.4 h1.0 or0.8 L965 8/? ty:content b[0.0,0.0,0.0,0.4,0.0,0.0] | Userscenarios ;; d5ab710528b66 R22.7 P2.5 h2.0 or0.6 L1799 2/? ty:content+phrase b[0.0,0.0,0.0,0.4,0.0,0.0] | Setupguidance ;; d516f1b421108 R22.5 P2.6 h2.0 or0.9 L919 12/? ty:content+phrase b[0.0,0.0,0.0,0.4,0.1,0.0] | Userscenarios",1,systembruker forespørsel flere tilganger kunden godkjenne bare noen av dem systemleverandør tilganger delvis godkjenning | godkjennes tilgangene direkte | godkjenne tilgang direkte i altinn | godkjenne at systemet får tilgang til bestemte tjenester | godkjenne eller avslå systembrukerforespørsler | godkjenning av en systembrukerforespørsel,false,,0,7,2,1,23a4cf26e313;16049c347d69;2bdacefbb352;fa145325016c;0e2400bef6e5;7b900a32387a;bcaa34662659,16049c347d69;0e2400bef6e5,16049c347d69,12502,4824,500,5324,0,3,3,"Nei, ikke hvis det er en **leverandørstyrt opprettelse** for eget system: forespørselen bygger på et **“OG-forhold”**, som betyr at sluttbrukeren må ha myndighet til å delegere **samtlige** tilganger som er bedt om. Hvis brukeren mangler myndighet for bare én av tilgangene, kan forespørselen ikke godkjennes i sin helhet. [1]

For **eget system** står det også at brukeren må ha de forespurte fullmaktene for å kunne godkjenne forespørselen. [2]

Så svaret er: **kunden kan ikke godkjenne bare noen av dem; alle forespurte tilganger må kunne godkjennes samlet**. [1][2]",
e6edfd93-0911-4b38-ab71-73a44745317e,2026-06-02T20:59:33.391444Z,off,ue-sys-01-leverandorstyrt-og-forhold,2,public-docs,new,"altinn-systemuser,hard",complete,0,false,chunks+answer,true,,,,,,,1.0,1.0,1.0,1.0,true,1,true,1,true,"d3ec63e860edb R22.8 P1.5 h1.0 or0.7 L683 3/? ty:content b[0.0,0.0,0.0,0.4,0.1,0.0] | System user",,2,kan kunden godkjenne bare noen av tilganger i en systembruker-forespørsel | godkjenne eller avslå systembrukerforespørsler | godkjenning av en systembrukerforespørsel | systemleverandøren sender en forespørsel om å opprette systembrukeren | opprette en systembrukerforespørsel av typen agent | godkjenne tilgang direkte i altinn,false,true,0,6,3,1,fa145325016c;0e2400bef6e5;16049c347d69;f8fdd1a993e2;23a4cf26e313;2bdacefbb352,fa145325016c;0e2400bef6e5;16049c347d69,16049c347d69,14305,6840,519,7359,0,3,3,"Nei, ikke hvis det er en **leverandørstyrt opprettelse** der forespørselen inneholder flere tilganger. Da gjelder et **“OG-forhold”**, som betyr at sluttbrukeren må ha myndighet til å delegere **samtlige** tilganger som leverandøren ber om; hvis brukeren mangler myndighet for bare én av dem, kan forespørselen ikke godkjennes i sin helhet. [3]

Det betyr altså at kunden **ikke kan godkjenne bare noen av tilgangene** i en slik forespørsel. [3]

Hvis du mener en annen type systembruker-forespørsel, er det en viktig forskjell: For **systemtilgang for klienter** står det at sluttbrukeren godkjenner forespørselen i Altinn-portalen, men kildene her sier ikke at man kan velge bare noen av tilgangene; de beskriver godkjenning av forespørselen som helhet. [1][2]",
a6f77218-4ed7-4d9d-a4f4-c0d05657e4fd,2026-06-02T20:59:46.477178Z,window-2000,ue-sys-01-leverandorstyrt-og-forhold,2,public-docs,new,"altinn-systemuser,hard",complete,0,false,chunks+answer,true,,,,,,,1.0,1.0,1.0,1.0,true,1,true,1,true,"d3ec63e860edb R22.9 P3.7 h3.0 or0.9 L683 3/? ty:content+metadata+phrase b[0.0,0.0,0.0,0.5,0.1,0.0] | System user",,1,systembruker forespørsel flere tilganger kunden godkjenne bare noen av dem delvis godkjenning systemleverandør tilgang | godkjennes tilgangene direkte | mottatte forespørsler godkjenne eller avvise | forespørsel om systembruker | godkjenne eller avslå systembrukerforespørsler | systemleverandøren sender en forespørsel om å opprette systembrukeren,false,,0,8,2,1,16049c347d69;2bdacefbb352;fce5267c66c9;dcd71da47597;b36a4f489644;bcaa34662659;e7d3339b3277;fa145325016c,16049c347d69;2bdacefbb352,16049c347d69,12794,4788,518,5306,0,3,3,"Nei. Ved en leverandørstyrt opprettelse gjelder et **“OG-forhold”**, som betyr at sluttbrukeren må ha myndighet til å delegere **samtlige** tilganger som leverandøren ber om. Hvis brukeren mangler myndighet for bare én av tilgangene, kan forespørselen **ikke godkjennes i sin helhet**. [1]

Så kunden kan ikke godkjenne bare noen av tilganger i samme systembruker-forespørsel; den må enten godkjennes for alle eller avvises/nektes. [1][2]",
ab2c2520-f127-417d-9da4-c5d8ed229809,2026-06-02T20:59:59.305966Z,off,ue-sys-01-leverandorstyrt-og-forhold,3,public-docs,new,"altinn-systemuser,hard",complete,0,false,chunks+answer,true,,,,,,,0.0,0.0,0.0,0.0,true,1,true,1,false,"d3ec63e860edb R22.8 P2.6 h2.0 or1.0 L683 3/? ty:content+phrase b[0.0,0.0,0.0,0.4,0.1,0.0] | System user",,1,kan kunden godkjenne bare noen av tilganger i en systembruker-forespørsel | godkjenne eller avslå systembrukerforespørsler | godkjenne endringen av systembrukeren | godkjennes tilgangene direkte | godkjenne tilgang direkte i altinn | godkjenne at systemet får tilgang til bestemte tjenester,false,,0,5,2,1,fa145325016c;0e2400bef6e5;23a4cf26e313;2bdacefbb352;fce5267c66c9,0e2400bef6e5;23a4cf26e313,16049c347d69,12529,4822,454,5276,0,3,3,"Nei, ikke slik kildene beskriver flyten. Ved godkjenning av en systembrukerforespørsel for eget system må sluttbrukeren ha rollen **Tilgangsstyrer** og også ha **de forespurte fullmaktene**; det står ikke at kunden kan velge bare noen av tilganger i forespørselen [1]. For **klientsystem** er det dessuten bare mulig å angi nødvendige tilganger via **accessPackages**, og etter godkjenning kreves et ekstra manuelt steg fra sluttbrukeren [2].  

Så ut fra kildene er svaret at forespørselen godkjennes som en helhet, ikke delvis, og det er ingen beskrivelse av delvis godkjenning av bare noen av tilganger [1][2].",
aa8716ca-ba4c-4487-94d6-a49eb44652d5,2026-06-02T21:00:11.876390Z,window-2000,ue-sys-01-leverandorstyrt-og-forhold,3,public-docs,new,"altinn-systemuser,hard",complete,0,false,chunks+answer,true,,,,,,,1.0,1.0,1.0,1.0,true,7,true,7,true,"d3ec63e860edb R21.0 P2.3 h2.0 or0.2 L683 3/? ty:metadata+phrase b[0.0,0.0,0.0,0.1,0.1,0.0] | System user","d5ab710528b66 R22.5 P2.5 h2.0 or0.3 L1799 2/? ty:content+phrase b[0.0,0.0,0.0,0.4,0.0,0.0] | Setupguidance ;; d516f1b421108 R21.5 P2.6 h2.0 or1.7 L919 12/? ty:content+phrase b[0.0,0.0,0.0,0.4,0.0,0.0] | Userscenarios ;; dbe9fa427d5de R21.3 P3.6 h3.0 or0.3 L1189 2/? ty:content+metadata+phrase b[0.0,0.0,0.0,0.5,0.0,0.0] | Accept request ;; d516f1b421108 R21.3 P2.5 h2.0 or1.0 L965 8/? ty:content+phrase b[0.0,0.0,0.0,0.4,0.0,0.0] | Userscenarios ;; d33bce0dc1eda R21.0 P2.6 h2.0 or1.2 L787 3/? ty:content+phrase b[0.0,0.0,0.0,0.4,0.0,0.0] | Model ;; d038548f6792f R21.0 P2.5 h2.0 or0.3 L1839 3/? ty:content+phrase b[0.0,0.0,0.0,0.4,0.0,0.0] | System user",1,systembruker-forespørsel godkjenne bare noen tilganger | godkjenne eller avslå systembrukerforespørsler | mottatte forespørsler godkjenne eller avvise | avvise en mottatt forespørsel | systemleverandør sender forespørsel om opprettelse av systembruker | systembrukerforespørsel,false,,0,6,1,1,fa145325016c;0e2400bef6e5;8991fa2a7cb5;bcaa34662659;16049c347d69;520a1c11b580,16049c347d69,16049c347d69,12231,4822,522,5344,0,3,3,"Nei, ikke hvis det gjelder en **leverandørstyrt opprettelse** av systembruker. Forespørselen følger et **“OG-forhold”**, som betyr at kunden/sluttbrukeren må ha myndighet til å delegere **alle** tilgangene som er bedt om; hvis brukeren mangler myndighet for bare én av dem, kan forespørselen ikke godkjennes i sin helhet. [1]

Det betyr at kunden ikke kan godkjenne bare noen av tilgangene i samme forespørsel. [1]",
b33a8565-8445-45a3-8042-e0a4780ae064,2026-06-02T21:00:26.307974Z,off,ue-sys-01-leverandorstyrt-og-forhold,4,public-docs,new,"altinn-systemuser,hard",complete,0,false,chunks+answer,true,,,,,,,1.0,1.0,1.0,1.0,true,1,true,1,true,"d3ec63e860edb R22.8 P1.5 h1.0 or0.7 L683 3/? ty:content b[0.0,0.0,0.0,0.4,0.1,0.0] | System user",,2,kan kunden godkjenne bare noen av tilganger i en systembruker-forespørsel | godkjenne eller avslå systembrukerforespørsler | godkjenning av en systembrukerforespørsel | godkjennes tilgangene direkte | godkjenne tilgang direkte i altinn | godkjenne at systemet får tilgang til bestemte tjenester,false,true,0,6,1,1,23a4cf26e313;fa145325016c;0e2400bef6e5;16049c347d69;2bdacefbb352;fce5267c66c9,16049c347d69,16049c347d69,13960,6877,449,7326,0,3,3,"Nei. For leverandørstyrt opprettelse gjelder et **“OG-forhold”**: sluttbrukeren må ha myndighet til å delegere **samtlige** tilganger som er forespurt, og hvis brukeren mangler myndighet for bare én av tilgangene, kan forespørselen ikke godkjennes i sin helhet. [1]

Det betyr at kunden ikke kan godkjenne bare noen av tilgangerne i samme systembruker-forespørsel. [1]",
775bfadb-dfc2-4eff-bb5a-118d4fb3baf4,2026-06-02T21:00:39.605916Z,window-2000,ue-sys-01-leverandorstyrt-og-forhold,4,public-docs,new,"altinn-systemuser,hard",complete,0,false,chunks+answer,true,,,,,,,0.0,1.0,1.0,1.0,true,1,true,1,true,"d3ec63e860edb R21.5 P2.6 h2.0 or0.5 L683 3/? ty:content+metadata b[0.0,0.0,0.0,0.4,0.1,0.0] | System user",,1,systembruker tilganger godkjenne delvis kunde leverandør | godkjenne eller avslå systembrukerforespørsler | godkjenning av en systembrukerforespørsel | systemleverandør sender forespørsel om opprettelse av systembruker | systembrukerforespørsel | forespørsel om systembruker,false,,0,8,3,1,fa145325016c;0e2400bef6e5;bcaa34662659;85e04fd561b1;28cb04674524;16049c347d69;dcd71da47597;43c07a4ee38a,fa145325016c;0e2400bef6e5;16049c347d69,16049c347d69,12974,4774,515,5289,0,3,3,"Nei, ikke hvis det er en **leverandørstyrt opprettelse av systembruker**: da gjelder et **OG-forhold**, som betyr at sluttbrukeren må ha myndighet til å delegere **samtlige** tilganger som leverandøren ber om. Hvis brukeren mangler myndighet for bare én av tilgangene, kan forespørselen ikke godkjennes i sin helhet. [3]

Det betyr at kunden normalt **ikke kan godkjenne bare noen av tilganger** i samme forespørsel; hele forespørselen må enten godkjennes eller avvises. [3]  

Det finnes også en egen variant for **systemtilgang for klienter**, der sluttbruker godkjenner en forespørsel om å opprette systemtilgang, men kilden sier fortsatt at forespørselen godkjennes som en forespørsel, ikke delvis per tilgang. [1][2]",
5ea0e951-20e3-47de-a5d2-53feaab94b43,2026-06-02T21:00:54.290859Z,off,ue-sys-03-brukerstyrt-vs-leverandorstyrt,0,public-docs,new,"altinn-systemuser,hard",complete,0,false,chunks+answer,true,,,,,,,0.0,0.0,0.0,0.0,true,2,true,2,false,"d3ec63e860edb R22.0 P2.4 h2.0 or0.0 L763 2/? ty:content+phrase b[0.0,0.0,0.0,0.4,0.0,0.0] | System user","d3ec63e860edb R22.7 P3.7 h3.0 or0.2 L683 3/? ty:content+metadata+phrase b[0.0,0.0,0.0,0.5,0.2,0.0] | System user",2,forskjellen på at sluttbrukeren selv oppretter en systembruker i altinn versus at leverandøren gjør det | opprettelse av systembruker | systembruker i altinn | leverandørstyrt opprettelse av systembruker | leverandørstyrte systembruker opprettelse | forespørsel om systembruker,false,true,0,4,4,1,ad001426b658;16049c347d69;520a1c11b580;23a4cf26e313,ad001426b658;16049c347d69;520a1c11b580;23a4cf26e313,c61c1f46fe63,14683,6784,503,7287,0,3,3,"Forskjellen er først og fremst **hvem som starter opprettelsen og hvordan godkjenningen skjer**.  

- Ved **brukerstyrt opprettelse** er det **sluttbrukeren selv** som går inn i Altinn-portalen og oppretter systembrukeren ved å velge systemet sitt; dette er beskrevet som en alternativ metode når leverandøren ikke har eget grensesnitt for leverandørstyrt opprettelse. [4]  
- Ved **leverandørstyrt opprettelse** er det **sluttbrukersystem-leverandøren (SBSL)** som initierer forespørselen via API, og sluttbrukeren må deretter godkjenne forespørselen i Altinn før systembrukeren opprettes. [2][4]

Det er også en viktig forskjell i **hva slags systembruker det gjelder**:  
- For **eget system** kan systembruker opprettes både **brukerstyrt eller leverandørstyrt**, og den kan støtte både **tilgang…",
1b8089d7-b2e9-468e-937d-584092f74fac,2026-06-02T21:01:10.207360Z,window-2000,ue-sys-03-brukerstyrt-vs-leverandorstyrt,0,public-docs,new,"altinn-systemuser,hard",complete,0,false,chunks+answer,true,,,,,,,1.0,1.0,1.0,1.0,true,2,true,2,true,"d3ec63e860edb R22.0 P2.5 h2.0 or0.4 L763 2/? ty:content+phrase b[0.0,0.0,0.0,0.4,0.0,0.0] | System user","d3ec63e860edb R22.7 P3.7 h3.0 or0.6 L683 3/? ty:content+metadata+phrase b[0.0,0.0,0.0,0.5,0.2,0.0] | System user",2,forskjellen på at sluttbrukeren selv oppretter en systembruker i altinn versus at leverandøren gjør det | opprettelse av systembruker | leverandørstyrt opprettelse av systembruker | leverandørstyrte systembruker opprettelse | opprett systembruker forespørselen | systemleverandør sender forespørsel om opprettelse av systembruker,false,true,0,6,5,1,16049c347d69;ad001426b658;520a1c11b580;c61c1f46fe63;23a4cf26e313;6e2cd6d8900d,16049c347d69;ad001426b658;520a1c11b580;c61c1f46fe63;23a4cf26e313,c61c1f46fe63,15565,6806,555,7361,0,3,3,"Forskjellen er først og fremst **hvem som initierer opprettelsen** og **hvordan godkjenningen skjer**. [1][4][5]

- Ved **brukerstyrt opprettelse** er det **sluttbrukeren selv** som logger inn i Altinn og starter prosessen. Brukeren velger systemet, ser de forhåndsdefinerte tilgangene og godkjenner dem direkte. Systembrukeren opprettes da uten en separat forespørsel. [4][5]
- Ved **leverandørstyrt opprettelse** er det **sluttbrukersystem-leverandøren (SBSL)** som initierer prosessen, ofte fra sitt eget fagsystem, ved å sende en forespørsel til Altinn om å opprette systembruker. Sluttbrukeren må deretter godkjenne forespørselen i Altinn før systembrukeren opprettes. [1][5]

Noen viktige forskjeller i praksis:

- **Brukerstyrt opprettelse** passer når sluttbrukeren selv håndterer opprettelse…",
93bcec3f-d1dc-432f-a071-1c92c8c488fd,2026-06-02T21:01:25.672195Z,off,ue-sys-03-brukerstyrt-vs-leverandorstyrt,1,public-docs,new,"altinn-systemuser,hard",complete,0,false,chunks+answer,true,,,,,,,0.0,0.0,0.0,0.0,true,2,true,2,false,"d3ec63e860edb R22.0 P2.5 h2.0 or0.4 L763 2/? ty:content+phrase b[0.0,0.0,0.0,0.4,0.0,0.0] | System user","d3ec63e860edb R22.7 P3.7 h3.0 or0.6 L683 3/? ty:content+metadata+phrase b[0.0,0.0,0.0,0.5,0.2,0.0] | System user",1,forskjellen på at sluttbrukeren selv oppretter en systembruker i altinn versus at leverandøren gjør det | opprettelse av systembruker | leverandørstyrt opprettelse av systembruker,false,,0,4,4,1,16049c347d69;ad001426b658;520a1c11b580;23a4cf26e313,16049c347d69;ad001426b658;520a1c11b580;23a4cf26e313,c61c1f46fe63,14476,4912,447,5359,0,3,3,"Forskjellen er først og fremst **hvem som initierer opprettelsen og hvordan godkjenningen skjer**. [1][4]

- Ved **brukerstyrt opprettelse** er det **sluttbrukeren selv** som går inn i Altinn-portalen og oppretter systembrukeren. Dette er beskrevet som en metode der sluttbrukeren velger systemet sitt og godkjenner de forhåndsdefinerte tilgangene som systemet trenger. [4]
- Ved **leverandørstyrt opprettelse** er det **sluttbrukersystem-leverandøren (SBSL)** som initierer prosessen ved å sende en forespørsel til Altinn om å opprette systembrukeren, og sluttbrukeren må deretter godkjenne forespørselen i Altinn. [1][4]

Noen viktige forskjeller i praksis:

- **Brukerstyrt opprettelse** brukes når du som SBSL **ikke har eget grensesnitt** for leverandørstyrt opprettelse. [4]
- **Leverandørstyrt…",
19b82f51-9c14-4b8d-b7f3-16441e229ec1,2026-06-02T21:01:40.636925Z,window-2000,ue-sys-03-brukerstyrt-vs-leverandorstyrt,1,public-docs,new,"altinn-systemuser,hard",complete,0,false,chunks+answer,true,,,,,,,1.0,1.0,1.0,1.0,true,2,true,2,true,"d3ec63e860edb R22.0 P2.5 h2.0 or0.4 L763 2/? ty:content+phrase b[0.0,0.0,0.0,0.4,0.0,0.0] | System user","d3ec63e860edb R22.7 P3.7 h3.0 or0.6 L683 3/? ty:content+metadata+phrase b[0.0,0.0,0.0,0.5,0.2,0.0] | System user",2,forskjellen på at sluttbrukeren selv oppretter en systembruker i altinn versus at leverandøren gjør det | opprettelse av systembruker | leverandørstyrt opprettelse av systembruker | leverandørstyrte systembruker opprettelse | systemleverandør sender forespørsel om opprettelse av systembruker | leverandøren oppretter forespørselen,false,true,0,5,3,1,16049c347d69;ad001426b658;520a1c11b580;c61c1f46fe63;23a4cf26e313,16049c347d69;c61c1f46fe63;23a4cf26e313,c61c1f46fe63,14811,6769,523,7292,0,3,3,"Forskjellen er først og fremst **hvem som starter prosessen** og **hvordan godkjenningen skjer**. [1][2]

- Ved **brukerstyrt opprettelse** er det **sluttbrukeren selv** som logger inn i Altinn og starter opprettelsen av systembrukeren. Brukeren velger systemet, ser de forhåndsdefinerte tilgangene systemet trenger, og godkjenner dem direkte. Systembrukeren opprettes da uten en separat forespørsel. [2][3]

- Ved **leverandørstyrt opprettelse** er det **sluttbrukersystem-leverandøren (SBSL)** som initierer prosessen, ofte fra sitt eget fagsystem, ved å sende en forespørsel til Altinn om å opprette systembruker. Forespørselen må deretter godkjennes av sluttbrukeren i Altinn før systembrukeren blir opprettet. [1][3]

En viktig praktisk forskjell er også at ved leverandørstyrt opprettelse må sl…",
394b5c72-97e9-4019-b8d0-2bd1c66297cb,2026-06-02T21:01:54.573366Z,off,ue-sys-03-brukerstyrt-vs-leverandorstyrt,2,public-docs,new,"altinn-systemuser,hard",complete,0,false,chunks+answer,true,,,,,,,1.0,1.0,1.0,1.0,true,2,true,2,true,"d3ec63e860edb R22.0 P2.5 h2.0 or0.4 L763 2/? ty:content+phrase b[0.0,0.0,0.0,0.4,0.0,0.0] | System user","d3ec63e860edb R22.7 P3.7 h3.0 or0.6 L683 3/? ty:content+metadata+phrase b[0.0,0.0,0.0,0.5,0.2,0.0] | System user",1,forskjellen på at sluttbrukeren selv oppretter en systembruker i altinn versus at leverandøren gjør det | opprettelse av systembruker | leverandørstyrt opprettelse av systembruker,false,,0,5,5,1,ad001426b658;520a1c11b580;16049c347d69;c61c1f46fe63;23a4cf26e313,ad001426b658;520a1c11b580;16049c347d69;c61c1f46fe63;23a4cf26e313,c61c1f46fe63,13722,4952,520,5472,0,3,3,"Forskjellen er først og fremst **hvem som starter prosessen** og **hvordan godkjenningen skjer**. [3][4][5]

- Ved **sluttbrukerstyrt opprettelse** er det **sluttbrukeren selv** som logger inn i Altinn og starter opprettelsen av systembrukeren. Brukeren velger systemet, ser de forhåndsdefinerte tilgangene, og godkjenner dem direkte. Systembrukeren opprettes uten en separat forespørsel. [4][5]

- Ved **leverandørstyrt opprettelse** er det **sluttbrukersystem-leverandøren (SBSL)** som initierer forespørselen, vanligvis fra sitt eget fagsystem, og sender den til Altinn. Sluttbrukeren må deretter godkjenne forespørselen i Altinn før systembrukeren blir opprettet. [3][5]

Kort sagt:  
- **Sluttbrukerstyrt** = brukeren oppretter selv i Altinn. [4]  
- **Leverandørstyrt** = leverandøren sender fo…",
165460c5-cc55-4158-96ed-e636c4bd34f2,2026-06-02T21:02:09.101211Z,window-2000,ue-sys-03-brukerstyrt-vs-leverandorstyrt,2,public-docs,new,"altinn-systemuser,hard",complete,0,false,chunks+answer,true,,,,,,,0.0,0.0,0.0,0.0,true,2,true,2,false,"d3ec63e860edb R22.0 P2.5 h2.0 or0.5 L763 2/? ty:content+phrase b[0.0,0.0,0.0,0.4,0.0,0.0] | System user","d3ec63e860edb R22.7 P3.8 h3.0 or0.7 L683 3/? ty:content+metadata+phrase b[0.0,0.0,0.0,0.5,0.2,0.0] | System user",1,forskjellen på at sluttbrukeren selv oppretter en systembruker i altinn versus at leverandøren gjør det | opprettelse av systembruker | leverandørstyrte systembruker opprettelse | leverandørstyrt opprettelse av systembruker | opprette systembruker | opprett systembruker forespørselen,false,,0,6,4,1,c480e7fbbbe4;ad001426b658;520a1c11b580;16049c347d69;23a4cf26e313;783a6210537f,ad001426b658;520a1c11b580;16049c347d69;23a4cf26e313,c61c1f46fe63,14330,4753,500,5253,0,3,3,"Forskjellen er først og fremst **hvem som initierer opprettelsen** og **hvilken type systembruker det gjelder**. [3][4]

- Ved **brukerstyrt opprettelse** er det **sluttbrukeren selv** som går inn i Altinn-portalen og oppretter systembrukeren. Dette er beskrevet som en metode for **eget system**, og brukes når systemet handler på vegne av sluttbrukerorganisasjonen. [4]
- Ved **leverandørstyrt opprettelse** er det **sluttbrukersystem-leverandøren (SBSL)** som starter prosessen via API, og sluttbrukeren må deretter godkjenne forespørselen i Altinn. [3][4]

Det er også en viktig forskjell i **hva systembrukeren kan brukes til**:

- For **eget system** kan systembrukeren opprettes både **brukerstyrt eller leverandørstyrt**, og den kan støtte både **tilgangspakker og enkeltrettigheter**. [1][4]…",
599b4628-9018-4cd9-8925-8b36568ef22e,2026-06-02T21:02:25.577595Z,off,ue-sys-03-brukerstyrt-vs-leverandorstyrt,3,public-docs,new,"altinn-systemuser,hard",complete,0,false,chunks+answer,true,,,,,,,0.0,0.0,0.0,0.0,true,2,true,2,false,"d3ec63e860edb R22.0 P2.4 h2.0 or0.0 L763 2/? ty:content+phrase b[0.0,0.0,0.0,0.4,0.0,0.0] | System user","d3ec63e860edb R22.7 P3.7 h3.0 or0.2 L683 3/? ty:content+metadata+phrase b[0.0,0.0,0.0,0.5,0.2,0.0] | System user",2,forskjellen på at sluttbrukeren selv oppretter en systembruker i altinn versus at leverandøren gjør det | opprettelse av systembruker | forespørsel om systembruker | leverandørstyrt opprettelse av systembruker | leverandørstyrte systembruker opprettelse | opprett systembruker forespørselen,false,true,0,6,4,1,16049c347d69;ad001426b658;520a1c11b580;23a4cf26e313;6e2cd6d8900d;fe3735091e69,16049c347d69;ad001426b658;520a1c11b580;23a4cf26e313,c61c1f46fe63,16365,6725,519,7244,0,3,3,"Forskjellen er først og fremst **hvem som initierer opprettelsen** og **hvordan godkjenningen skjer** [1][4].

- Ved **brukerstyrt opprettelse** er det **sluttbrukeren selv** som går inn i Altinn-portalen og oppretter systembrukeren ved å velge systemet sitt i en nedtrekksliste. Dette brukes når SBSL **ikke** har eget grensesnitt for leverandørstyrt opprettelse [4]. For systembruker for eget system kan dette også være en mulig metode [2][4].
- Ved **leverandørstyrt opprettelse** er det **leverandøren / SBSL** som starter prosessen ved å sende en forespørsel til Altinn om å opprette systembruker, og sluttbrukeren må deretter godkjenne forespørselen via en `confirmUrl` [1][4].

Det er også en viktig forskjell i **hva slags systembruker det gjelder**:

- For **eget system** kan systembrukeren…",
69ca0443-a20c-43bc-aca8-ed8218b18bfe,2026-06-02T21:02:41.100102Z,window-2000,ue-sys-03-brukerstyrt-vs-leverandorstyrt,3,public-docs,new,"altinn-systemuser,hard",complete,0,false,chunks+answer,true,,,,,,,0.0,0.0,0.0,0.0,true,2,true,2,false,"d3ec63e860edb R22.0 P2.5 h2.0 or0.5 L763 2/? ty:content+phrase b[0.0,0.0,0.0,0.4,0.0,0.0] | System user","d3ec63e860edb R22.7 P3.7 h3.0 or0.7 L683 3/? ty:content+metadata+phrase b[0.0,0.0,0.0,0.5,0.2,0.0] | System user",2,forskjellen på at sluttbrukeren selv oppretter en systembruker i altinn versus at leverandøren gjør det | leverandørstyrt opprettelse av systembruker | leverandørstyrte systembruker opprettelse | sluttkunden skal ikke opprette systembruker | opprette systembruker fra altinn portal | leverandøren oppretter forespørselen,false,true,0,4,2,1,9ed645854df8;16049c347d69;520a1c11b580;23a4cf26e313,16049c347d69;23a4cf26e313,c61c1f46fe63,15351,6778,501,7279,0,3,3,"Forskjellen er først og fremst **hvem som initierer opprettelsen** og **hvordan godkjenningen skjer**. [1][2]

- Ved **brukerstyrt opprettelse** er det **sluttbrukeren selv** som går inn i Altinn-portalen og oppretter systembrukeren ved å velge systemet sitt. Dette er beskrevet som en alternativ metode når SBSL ikke har eget grensesnitt for leverandørstyrt opprettelse. [2]
- Ved **leverandørstyrt opprettelse** er det **sluttbrukersystem-leverandøren (SBSL)** som starter prosessen ved å sende en forespørsel til Altinn om å opprette systembrukeren. Sluttbrukeren må deretter godkjenne forespørselen i Altinn. [1][2]

Noen viktige forskjeller i praksis: [1][2]

- **Leverandørstyrt opprettelse** lar leverandøren spesifisere hvilke tilganger systembrukeren trenger i forespørselen. [1][2]
- Ved le…",
ac9d917a-48c9-4f81-bf15-6e7a25edd69d,2026-06-02T21:02:56.973979Z,off,ue-sys-03-brukerstyrt-vs-leverandorstyrt,4,public-docs,new,"altinn-systemuser,hard",complete,0,false,chunks+answer,true,,,,,,,0.0,0.0,0.0,0.0,true,2,true,2,false,"d3ec63e860edb R22.0 P2.5 h2.0 or0.4 L763 2/? ty:content+phrase b[0.0,0.0,0.0,0.4,0.0,0.0] | System user","d3ec63e860edb R22.7 P3.7 h3.0 or0.6 L683 3/? ty:content+metadata+phrase b[0.0,0.0,0.0,0.5,0.2,0.0] | System user",2,forskjellen på at sluttbrukeren selv oppretter en systembruker i altinn versus at leverandøren gjør det | opprettelse av systembruker | leverandørstyrt opprettelse av systembruker | systemleverandør sender forespørsel om opprettelse av systembruker | opprette og behandle en systembrukerforespørsel | sluttbruker oppretter systembruker selv,false,true,0,5,4,1,865fe9f2693a;ad001426b658;520a1c11b580;16049c347d69;23a4cf26e313,ad001426b658;520a1c11b580;16049c347d69;23a4cf26e313,c61c1f46fe63,15588,6781,532,7313,0,3,3,"Forskjellen er først og fremst **hvem som starter opprettelsen og hvordan godkjenningen skjer**. [3][4]

- Ved **brukerstyrt opprettelse** er det **sluttbrukeren selv** som går inn i Altinn-portalen og oppretter systembrukeren ved å velge systemet sitt og godkjenne tilgangen. Dette brukes som alternativ når leverandøren ikke har eget grensesnitt for leverandørstyrt opprettelse. [4]
- Ved **leverandørstyrt opprettelse** er det **systemleverandøren (SBSL)** som initierer forespørselen via API, og sluttbrukeren må deretter godkjenne forespørselen i Altinn via en `confirmUrl`. [3][4]

Det er også en viktig forskjell i **hva slags systembruker det gjelder**:

- For **eget system** kan systembrukeren opprettes med **brukerstyrt eller leverandørstyrt opprettelse**, og den kan støtte både **tilgan…",
9201c228-183c-44db-9048-1841119dcf4b,2026-06-02T21:03:11.106362Z,window-2000,ue-sys-03-brukerstyrt-vs-leverandorstyrt,4,public-docs,new,"altinn-systemuser,hard",complete,0,false,chunks+answer,true,,,,,,,0.0,0.0,0.0,0.0,true,2,true,2,false,"d3ec63e860edb R22.0 P2.5 h2.0 or0.8 L763 2/? ty:content+phrase b[0.0,0.0,0.0,0.4,0.0,0.0] | System user","d3ec63e860edb R22.7 P3.8 h3.0 or1.0 L683 3/? ty:content+metadata+phrase b[0.0,0.0,0.0,0.5,0.2,0.0] | System user",1,forskjellen på at sluttbrukeren selv oppretter en systembruker i altinn versus at leverandøren gjør det | opprettelse av systembruker | systembruker i altinn | leverandørstyrt opprettelse av systembruker | leverandørstyrt opprettelse | altinn støtter begge behovene på én systembruker,false,,0,6,4,1,16049c347d69;520a1c11b580;ad001426b658;43e801d8644e;75a0997dd647;3de2c9c5cd2e,16049c347d69;520a1c11b580;ad001426b658;43e801d8644e,c61c1f46fe63,14109,4730,472,5202,0,3,3,"Forskjellen er først og fremst **hvem som initierer opprettelsen** og **hvordan godkjenningen skjer**:

- Ved **brukerstyrt opprettelse** er det **sluttbrukeren selv** som logger inn i Altinn og oppretter/godkjenner systembrukeren direkte. Dette brukes når sluttbrukeren vil opprette tilgang selv, og det er beskrevet som en av de to måtene å opprette systemtilgang på. [4]
- Ved **leverandørstyrt opprettelse** er det **sluttbrukersystem-leverandøren (SBSL)** som starter prosessen ved å sende en forespørsel til Altinn om å opprette systembruker. Sluttbrukeren må deretter godkjenne forespørselen i Altinn før systembrukeren faktisk opprettes. [1]

Det er også en viktig forskjell i **hva slags systembruker det gjelder**:

- For **eget system** kan systembruker opprettes ved **både brukerstyrt og…",
